ts_code,trade_date,open,high,low,close,pre_close,change,pct_chg,vol,amount
000779.SZ,20241106,8.35,8.49,8.28,8.45,8.36,0.09,1.0766,132213.6,111106.516
000779.SZ,20241105,8.28,8.43,8.25,8.36,8.25,0.11,1.3333,129677.1,108246.032
000779.SZ,20241104,8.16,8.29,8.11,8.25,8.18,0.07,0.8557,79700.5,65447.729
000779.SZ,20241101,8.59,8.59,8.12,8.18,8.59,-0.41,-4.773,155644.75,129296.92
000779.SZ,20241031,8.56,8.73,8.52,8.59,8.58,0.01,0.1166,152650.33,131517.656
000779.SZ,20241030,8.61,8.82,8.47,8.58,8.57,0.01,0.1167,141679.0,122385.677
000779.SZ,20241029,8.95,9.04,8.56,8.57,9.0,-0.43,-4.7778,236989.02,206582.707
000779.SZ,20241028,8.9,9.22,8.7,9.0,8.71,0.29,3.3295,275933.69,247598.214
000779.SZ,20241025,8.33,8.78,8.33,8.71,8.26,0.45,5.4479,300987.28,259915.529
000779.SZ,20241024,8.15,8.48,8.1,8.26,8.15,0.11,1.3497,135821.64,112902.003
000779.SZ,20241023,8.17,8.25,8.1,8.15,8.18,-0.03,-0.3667,105866.03,86519.945
000779.SZ,20241022,8.27,8.29,8.17,8.18,8.31,-0.13,-1.5644,103576.71,85094.967
000779.SZ,20241021,8.17,8.32,8.05,8.31,8.21,0.1,1.218,166647.72,136118.714
000779.SZ,20241018,8.12,8.39,7.92,8.21,8.23,-0.02,-0.243,222475.73,180602.498
000779.SZ,20241017,8.5,8.59,8.2,8.23,8.5,-0.27,-3.1765,202321.01,169561.607
000779.SZ,20241016,8.1,8.54,8.04,8.5,8.22,0.28,3.4063,216301.03,181412.101
000779.SZ,20241015,8.07,8.27,8.02,8.22,8.15,0.07,0.8589,159960.8,130519.92
000779.SZ,20241014,8.03,8.17,7.92,8.15,7.92,0.23,2.904,135761.81,109782.787
000779.SZ,20241011,8.12,8.21,7.86,7.92,8.16,-0.24,-2.9412,134358.8,107807.233
000779.SZ,20241010,8.01,8.38,7.8,8.16,7.97,0.19,2.3839,226511.24,183965.647
000779.SZ,20241009,8.5,8.5,7.97,7.97,8.85,-0.88,-9.9435,299509.09,244196.367
000779.SZ,20241008,9.43,9.44,8.32,8.85,8.6,0.25,2.907,422884.05,375906.742
000779.SZ,20240930,8.28,8.72,7.83,8.6,8.02,0.58,7.2319,421676.68,351066.0
000779.SZ,20240927,7.54,8.02,7.46,8.02,7.52,0.5,6.6489,334729.7,257561.973
000779.SZ,20240926,7.37,7.57,7.3,7.52,7.26,0.26,3.5813,275420.5,204846.435
000779.SZ,20240925,7.14,7.43,7.14,7.26,7.13,0.13,1.8233,247368.27,180469.233
000779.SZ,20240924,7.02,7.14,6.86,7.13,7.02,0.11,1.567,193536.07,136089.508
000779.SZ,20240923,7.1,7.19,6.98,7.02,7.15,-0.13,-1.8182,119164.39,84190.867
000779.SZ,20240920,7.12,7.24,7.08,7.15,7.16,-0.01,-0.1397,119040.56,84953.948
000779.SZ,20240919,6.96,7.25,6.82,7.16,6.97,0.19,2.726,185040.39,131486.148
000779.SZ,20240918,6.8,6.97,6.73,6.97,6.9,0.07,1.0145,144184.74,98988.703
000779.SZ,20240913,7.28,7.45,6.88,6.9,7.2,-0.3,-4.1667,248291.77,177902.546
000779.SZ,20240912,7.09,7.31,7.03,7.2,7.09,0.11,1.5515,212183.35,152017.469
000779.SZ,20240911,7.14,7.2,7.0,7.09,7.16,-0.07,-0.9777,158730.4,112591.405
000779.SZ,20240910,6.88,7.2,6.73,7.16,6.91,0.25,3.6179,236499.27,165310.1
000779.SZ,20240909,6.71,6.98,6.36,6.91,6.8,0.11,1.6176,188672.12,126750.646
000779.SZ,20240906,7.04,7.04,6.69,6.8,7.09,-0.29,-4.0903,183496.18,125541.852
000779.SZ,20240905,6.94,7.13,6.93,7.09,6.98,0.11,1.5759,254524.63,179171.402
000779.SZ,20240904,6.83,6.98,6.74,6.98,6.9,0.08,1.1594,205155.44,141566.654
000779.SZ,20240903,6.88,6.99,6.82,6.9,6.95,-0.05,-0.7194,174848.97,120645.955
000779.SZ,20240902,6.93,6.98,6.77,6.95,7.03,-0.08,-1.138,240911.58,165597.789
000779.SZ,20240830,6.86,7.21,6.75,7.03,7.01,0.02,0.2853,398755.79,279446.926
000779.SZ,20240829,6.61,7.08,6.61,7.01,6.86,0.15,2.1866,403187.23,273612.457
000779.SZ,20240828,7.51,7.51,6.86,6.86,7.62,-0.76,-9.9738,532377.06,374009.394
000779.SZ,20240827,7.0,7.62,6.96,7.62,6.93,0.69,9.9567,660186.69,490790.288
000779.SZ,20240826,6.45,6.93,6.33,6.93,6.3,0.63,10.0,297999.08,198990.069
000779.SZ,20240823,5.94,6.5,5.81,6.3,5.91,0.39,6.599,100372.93,61325.447
000779.SZ,20240822,6.07,6.12,5.9,5.91,6.08,-0.17,-2.7961,50559.18,30145.417
000779.SZ,20240821,6.15,6.17,6.06,6.08,6.15,-0.07,-1.1382,30726.89,18749.305
000779.SZ,20240820,6.37,6.38,6.15,6.15,6.37,-0.22,-3.4537,40395.0,25166.047
000779.SZ,20240819,6.36,6.43,6.28,6.37,6.36,0.01,0.1572,32236.83,20506.441
000779.SZ,20240816,6.48,6.5,6.36,6.36,6.48,-0.12,-1.8519,37372.14,23988.542
000779.SZ,20240815,6.43,6.54,6.38,6.48,6.52,-0.04,-0.6135,53646.5,34664.252
000779.SZ,20240814,6.52,6.66,6.48,6.52,6.52,0.0,0.0,50808.37,33341.373
000779.SZ,20240813,6.41,6.55,6.32,6.52,6.4,0.12,1.875,45510.98,29339.027
000779.SZ,20240812,6.52,6.55,6.4,6.4,6.51,-0.11,-1.6897,29420.01,18946.368
000779.SZ,20240809,6.46,6.62,6.45,6.51,6.46,0.05,0.774,49430.31,32343.452
000779.SZ,20240808,6.4,6.48,6.36,6.46,6.47,-0.01,-0.1546,33085.0,21250.009
000779.SZ,20240807,6.48,6.52,6.43,6.47,6.48,-0.01,-0.1543,34652.32,22439.756
000779.SZ,20240806,6.37,6.5,6.37,6.48,6.39,0.09,1.4085,40380.0,26033.504
000779.SZ,20240805,6.5,6.58,6.37,6.39,6.52,-0.13,-1.9939,56307.45,36495.886
000779.SZ,20240802,6.5,6.67,6.47,6.52,6.56,-0.04,-0.6098,65919.0,43287.548
000779.SZ,20240801,6.5,6.64,6.5,6.56,6.5,0.06,0.9231,74195.0,48777.884
000779.SZ,20240731,6.34,6.52,6.29,6.5,6.32,0.18,2.8481,47617.3,30675.02
000779.SZ,20240730,6.22,6.35,6.2,6.32,6.22,0.1,1.6077,40770.01,25638.971
000779.SZ,20240729,6.2,6.26,6.12,6.22,6.19,0.03,0.4847,29154.07,18079.562
000779.SZ,20240726,6.13,6.24,6.13,6.19,6.13,0.06,0.9788,32341.0,20000.998
000779.SZ,20240725,6.13,6.18,6.03,6.13,6.06,0.07,1.1551,38461.02,23513.951
000779.SZ,20240724,6.2,6.25,6.07,6.14,6.25,-0.11,-1.76,48448.1,29850.339
000779.SZ,20240723,6.39,6.47,6.24,6.25,6.36,-0.11,-1.7296,51036.51,32509.169
000779.SZ,20240722,6.35,6.39,6.29,6.36,6.34,0.02,0.3155,42674.25,27088.214
000779.SZ,20240719,6.44,6.46,6.31,6.34,6.48,-0.14,-2.1605,59387.5,37903.469
000779.SZ,20240718,6.56,6.56,6.38,6.48,6.59,-0.11,-1.6692,63068.93,40617.301
000779.SZ,20240717,6.65,6.7,6.59,6.59,6.65,-0.06,-0.9023,24947.24,16526.706
000779.SZ,20240716,6.6,6.68,6.56,6.65,6.67,-0.02,-0.2999,26917.51,17812.273
000779.SZ,20240715,6.75,6.77,6.63,6.67,6.77,-0.1,-1.4771,37527.74,25037.453
000779.SZ,20240712,6.71,6.91,6.71,6.77,6.76,0.01,0.1479,42356.7,28861.562
000779.SZ,20240711,6.68,6.79,6.63,6.76,6.55,0.21,3.2061,50976.85,34297.315
000779.SZ,20240710,6.6,6.66,6.54,6.55,6.66,-0.11,-1.6517,36830.53,24312.265
000779.SZ,20240709,6.58,6.68,6.4,6.66,6.58,0.08,1.2158,61505.46,40423.612
000779.SZ,20240708,6.8,6.83,6.55,6.58,6.85,-0.27,-3.9416,58833.45,38997.796
000779.SZ,20240705,6.8,6.87,6.71,6.85,6.81,0.04,0.5874,35387.87,24083.448
000779.SZ,20240704,7.08,7.13,6.78,6.81,7.09,-0.28,-3.9492,54047.75,37359.542
000779.SZ,20240703,7.1,7.15,7.06,7.09,7.14,-0.05,-0.7003,45675.06,32438.744
000779.SZ,20240702,7.09,7.19,7.05,7.14,7.11,0.03,0.4219,38208.74,27288.539
000779.SZ,20240701,6.97,7.13,6.97,7.11,7.01,0.1,1.4265,42404.24,29988.762
000779.SZ,20240628,7.01,7.11,6.94,7.01,7.01,0.0,0.0,53258.98,37554.42
000779.SZ,20240627,7.09,7.16,6.98,7.01,7.1,-0.09,-1.2676,48628.76,34354.391
000779.SZ,20240626,6.94,7.12,6.84,7.1,6.97,0.13,1.8651,49184.36,34435.172
000779.SZ,20240625,6.93,7.09,6.93,6.97,6.94,0.03,0.4323,44644.0,31257.414
000779.SZ,20240624,7.26,7.26,6.92,6.94,7.28,-0.34,-4.6703,73947.9,52166.696
000779.SZ,20240621,7.11,7.33,7.05,7.28,7.11,0.17,2.391,63906.23,46353.329
000779.SZ,20240620,7.32,7.37,7.09,7.11,7.37,-0.26,-3.5278,70857.39,50953.709
000779.SZ,20240619,7.29,7.5,7.29,7.37,7.27,0.1,1.3755,74754.59,55239.996
000779.SZ,20240618,7.13,7.27,7.13,7.27,7.15,0.12,1.6783,43618.36,31519.368
000779.SZ,20240617,7.14,7.27,7.13,7.15,7.22,-0.07,-0.9695,39737.5,28527.978
000779.SZ,20240614,7.19,7.24,7.08,7.22,7.2,0.02,0.2778,44734.2,32136.494
000779.SZ,20240613,7.37,7.4,7.17,7.2,7.35,-0.15,-2.0408,56614.5,41045.981
000779.SZ,20240612,7.29,7.37,7.26,7.35,7.3,0.05,0.6849,43890.57,32161.683
000779.SZ,20240611,7.36,7.37,7.2,7.3,7.36,-0.06,-0.8152,51364.98,37386.243
000779.SZ,20240607,7.21,7.39,7.18,7.36,7.1,0.26,3.662,71425.59,52140.221
000779.SZ,20240606,7.5,7.54,7.03,7.1,7.48,-0.38,-5.0802,80115.59,57953.182
000779.SZ,20240605,7.58,7.63,7.38,7.48,7.63,-0.15,-1.9659,91207.26,68390.079
000779.SZ,20240604,7.77,7.77,7.57,7.63,7.76,-0.13,-1.6753,73217.06,55758.886
000779.SZ,20240603,7.9,7.94,7.68,7.76,7.86,-0.1,-1.2723,58651.36,45678.969
000779.SZ,20240531,7.9,7.94,7.83,7.86,7.88,-0.02,-0.2538,72586.12,57226.171
000779.SZ,20240530,8.52,8.58,7.81,7.88,8.59,-0.71,-8.2654,228073.44,183254.827
000779.SZ,20240529,8.45,8.69,8.45,8.59,8.52,0.07,0.8216,17850.9,15309.416
000779.SZ,20240528,8.75,8.75,8.51,8.52,8.76,-0.24,-2.7397,21456.0,18421.617
000779.SZ,20240527,8.68,8.77,8.51,8.76,8.68,0.08,0.9217,24026.0,20732.338
000779.SZ,20240524,8.66,8.92,8.56,8.68,8.65,0.03,0.3468,35594.0,31178.035
000779.SZ,20240523,8.97,8.97,8.64,8.65,8.95,-0.3,-3.352,37808.0,33098.415
000779.SZ,20240522,8.87,9.06,8.85,8.95,8.87,0.08,0.9019,35303.02,31652.784
000779.SZ,20240521,9.06,9.06,8.82,8.87,9.02,-0.15,-1.663,39075.02,34774.403
000779.SZ,20240520,9.19,9.21,8.98,9.02,9.25,-0.23,-2.4865,54144.81,49084.108
000779.SZ,20240517,9.19,9.26,9.1,9.25,9.19,0.06,0.6529,64910.71,59614.328
000779.SZ,20240516,8.99,9.19,8.95,9.19,8.94,0.25,2.7964,68873.41,62823.098
000779.SZ,20240515,8.93,9.09,8.85,8.94,8.97,-0.03,-0.3344,36237.0,32540.64
000779.SZ,20240514,8.83,8.97,8.78,8.97,8.81,0.16,1.8161,33739.36,30025.194
000779.SZ,20240513,8.89,8.9,8.7,8.81,8.93,-0.12,-1.3438,30782.0,27058.011
000779.SZ,20240510,8.94,8.99,8.84,8.93,8.95,-0.02,-0.2235,30579.0,27186.21
000779.SZ,20240509,8.85,8.98,8.84,8.95,8.85,0.1,1.1299,35009.0,31165.076
000779.SZ,20240508,9.1,9.1,8.81,8.85,9.11,-0.26,-2.854,45564.0,40583.66
000779.SZ,20240507,9.06,9.18,9.0,9.11,9.09,0.02,0.22,51495.23,46863.316
000779.SZ,20240506,9.0,9.09,8.97,9.09,8.91,0.18,2.0202,55850.93,50517.36
000779.SZ,20240430,9.1,9.12,8.86,8.91,9.1,-0.19,-2.0879,65213.05,58275.308
000779.SZ,20240429,9.24,9.24,8.97,9.1,9.22,-0.12,-1.3015,89298.76,81178.057
000779.SZ,20240426,9.31,9.44,9.14,9.22,9.45,-0.23,-2.4339,143777.68,133601.626
000779.SZ,20240425,9.02,9.67,9.02,9.45,9.07,0.38,4.1896,182021.02,169431.232
000779.SZ,20240424,9.33,9.52,9.03,9.07,8.94,0.13,1.4541,191373.04,177001.009
000779.SZ,20240423,8.51,9.02,8.5,8.94,8.46,0.48,5.6738,112131.35,98903.917
000779.SZ,20240422,8.61,8.72,8.42,8.46,8.72,-0.26,-2.9817,74462.02,63596.66
000779.SZ,20240419,8.3,9.12,8.3,8.72,8.79,-0.07,-0.7964,158623.77,136525.76
000779.SZ,20240418,8.63,9.12,8.44,8.79,8.29,0.5,6.0314,157958.3,140241.927
000779.SZ,20240417,7.76,8.29,7.75,8.29,7.67,0.62,8.0834,43782.0,35429.71
000779.SZ,20240416,8.1,8.12,7.56,7.67,8.1,-0.43,-5.3086,51497.0,39897.701
000779.SZ,20240415,8.58,8.58,7.99,8.1,8.46,-0.36,-4.2553,38259.0,31297.955
000779.SZ,20240412,8.61,8.7,8.46,8.46,8.63,-0.17,-1.9699,21724.02,18603.448
000779.SZ,20240411,8.43,8.72,8.43,8.63,8.52,0.11,1.2911,22092.02,19039.99
000779.SZ,20240410,8.77,8.77,8.45,8.52,8.74,-0.22,-2.5172,29024.36,24865.206
000779.SZ,20240409,8.66,8.83,8.66,8.74,8.65,0.09,1.0405,19909.02,17373.019
000779.SZ,20240408,8.96,8.96,8.65,8.65,8.96,-0.31,-3.4598,33608.22,29431.237
000779.SZ,20240403,9.03,9.04,8.81,8.96,9.04,-0.08,-0.885,29531.0,26351.276
000779.SZ,20240402,9.0,9.06,8.92,9.04,8.99,0.05,0.5562,37158.05,33437.223
000779.SZ,20240401,8.86,8.99,8.75,8.99,8.81,0.18,2.0431,42894.54,38301.572
000779.SZ,20240329,8.68,8.85,8.64,8.81,8.64,0.17,1.9676,38429.0,33660.588
000779.SZ,20240328,8.44,8.72,8.41,8.64,8.41,0.23,2.7348,36036.0,31004.14
000779.SZ,20240327,8.8,8.84,8.41,8.41,8.8,-0.39,-4.4318,45057.2,38665.393
000779.SZ,20240326,8.64,8.8,8.53,8.8,8.66,0.14,1.6166,39724.63,34461.646
000779.SZ,20240325,8.82,8.93,8.64,8.66,8.9,-0.24,-2.6966,40270.63,35503.74
000779.SZ,20240322,9.12,9.18,8.86,8.9,9.17,-0.27,-2.9444,60511.44,54263.51
000779.SZ,20240321,9.18,9.24,9.06,9.17,9.08,0.09,0.9912,76914.62,70486.29
000779.SZ,20240320,9.0,9.09,8.99,9.08,9.04,0.04,0.4425,48701.93,44096.871
000779.SZ,20240319,9.06,9.25,9.03,9.04,9.11,-0.07,-0.7684,65335.0,59429.649
000779.SZ,20240318,9.0,9.14,8.95,9.11,9.04,0.07,0.7743,70728.5,64039.658
000779.SZ,20240315,8.96,9.16,8.85,9.04,8.84,0.2,2.2624,71623.04,64546.442
000779.SZ,20240314,8.93,8.97,8.72,8.84,8.93,-0.09,-1.0078,51543.67,45653.504
000779.SZ,20240313,9.06,9.06,8.9,8.93,9.06,-0.13,-1.4349,62907.91,56389.885
000779.SZ,20240312,8.99,9.08,8.95,9.06,9.06,0.0,0.0,69928.91,62987.771
000779.SZ,20240311,8.89,9.16,8.76,9.06,8.93,0.13,1.4558,93616.45,83772.804
000779.SZ,20240308,8.75,9.01,8.69,8.93,8.78,0.15,1.7084,83819.0,74194.207
000779.SZ,20240307,8.92,9.03,8.76,8.78,9.08,-0.3,-3.304,121191.28,107849.499
000779.SZ,20240306,9.19,9.36,8.86,9.08,9.36,-0.28,-2.9915,210424.94,189539.421
000779.SZ,20240305,8.4,9.36,8.31,9.36,8.51,0.85,9.9882,212378.53,193127.482
000779.SZ,20240304,8.34,8.64,8.16,8.51,8.4,0.11,1.3095,65566.0,55249.658
000779.SZ,20240301,8.36,8.44,8.27,8.4,8.28,0.12,1.4493,38802.1,32385.756
000779.SZ,20240229,7.95,8.28,7.95,8.28,8.06,0.22,2.7295,50749.0,41495.275
000779.SZ,20240228,8.57,8.82,8.04,8.06,8.6,-0.54,-6.2791,77143.65,65386.075
000779.SZ,20240227,8.37,8.6,8.32,8.6,8.4,0.2,2.381,52220.65,44316.229
000779.SZ,20240226,8.55,8.56,8.3,8.4,8.53,-0.13,-1.524,73018.59,61479.231
000779.SZ,20240223,8.23,8.58,8.14,8.53,8.26,0.27,3.2688,83418.0,69490.598
000779.SZ,20240222,8.2,8.4,8.07,8.26,7.95,0.31,3.8994,70274.0,57916.093
000779.SZ,20240221,7.8,8.16,7.76,7.95,7.9,0.05,0.6329,58915.43,47138.81
000779.SZ,20240220,7.78,7.96,7.62,7.9,7.81,0.09,1.1524,52765.33,41356.047
000779.SZ,20240219,7.7,7.88,7.6,7.81,7.53,0.28,3.7185,62968.15,48854.634
000779.SZ,20240208,7.0,7.53,6.75,7.53,6.97,0.56,8.0344,92331.0,66026.851
000779.SZ,20240207,7.23,7.28,6.87,6.97,7.2,-0.23,-3.1944,66962.44,47275.434
000779.SZ,20240206,6.81,7.44,6.5,7.2,7.16,0.04,0.5587,70493.42,48762.721
000779.SZ,20240205,7.83,7.86,7.16,7.16,7.96,-0.8,-10.0503,65212.0,47522.161
000779.SZ,20240202,8.3,8.56,7.67,7.96,8.3,-0.34,-4.0964,46901.0,38044.213
000779.SZ,20240201,8.66,8.72,8.28,8.3,8.75,-0.45,-5.1429,52169.0,44003.975
000779.SZ,20240131,9.02,9.18,8.69,8.75,9.14,-0.39,-4.267,32463.0,28867.251
000779.SZ,20240130,9.28,9.4,9.11,9.14,9.36,-0.22,-2.3504,31134.05,28743.876
000779.SZ,20240129,9.69,9.8,9.36,9.36,9.67,-0.31,-3.2058,39154.0,37376.868
000779.SZ,20240126,9.47,9.82,9.41,9.67,9.47,0.2,2.1119,51270.6,49734.234
000779.SZ,20240125,8.96,9.49,8.96,9.47,8.98,0.49,5.4566,51622.01,48084.898
000779.SZ,20240124,8.75,9.0,8.65,8.98,8.75,0.23,2.6286,40292.0,35604.631
000779.SZ,20240123,8.6,8.77,8.44,8.75,8.69,0.06,0.6904,38625.63,33310.943
000779.SZ,20240122,9.18,9.31,8.56,8.69,9.23,-0.54,-5.8505,44483.0,39527.198
000779.SZ,20240119,9.22,9.32,9.14,9.23,9.23,0.0,0.0,34970.01,32333.051
000779.SZ,20240118,9.42,9.5,8.99,9.23,9.47,-0.24,-2.5343,63408.0,58214.03
000779.SZ,20240117,9.87,9.88,9.47,9.47,9.87,-0.4,-4.0527,45567.49,44063.991
000779.SZ,20240116,9.99,10.03,9.76,9.87,9.98,-0.11,-1.1022,41178.0,40579.579
000779.SZ,20240115,10.08,10.2,9.94,9.98,10.13,-0.15,-1.4808,40465.98,40508.186
000779.SZ,20240112,10.26,10.4,10.11,10.13,10.27,-0.14,-1.3632,38233.0,39169.72
000779.SZ,20240111,10.13,10.28,10.08,10.27,10.13,0.14,1.382,38395.53,39173.097
000779.SZ,20240110,10.37,10.43,10.11,10.13,10.43,-0.3,-2.8763,43905.1,44966.057
000779.SZ,20240109,10.42,10.59,10.28,10.43,10.45,-0.02,-0.1914,50127.0,52252.194
000779.SZ,20240108,10.58,10.76,10.45,10.45,10.58,-0.13,-1.2287,57295.01,60730.803
000779.SZ,20240105,10.91,10.95,10.53,10.58,10.94,-0.36,-3.2907,71669.0,76929.564
000779.SZ,20240104,10.76,10.98,10.66,10.94,10.76,0.18,1.6729,96220.27,104787.016
000779.SZ,20240103,10.75,10.89,10.61,10.76,10.8,-0.04,-0.3704,62143.01,66726.849
000779.SZ,20240102,10.81,10.98,10.78,10.8,10.78,0.02,0.1855,95292.39,103465.364
000779.SZ,20231229,10.38,10.88,10.38,10.78,10.38,0.4,3.8536,134597.42,143903.052
000779.SZ,20231228,10.58,10.59,10.08,10.38,10.75,-0.37,-3.4419,194251.8,200779.479
000779.SZ,20231227,10.88,10.88,10.67,10.75,10.88,-0.13,-1.1949,108371.42,116662.29
000779.SZ,20231226,11.0,11.23,10.61,10.88,11.11,-0.23,-2.0702,178211.84,192330.709
000779.SZ,20231225,10.85,11.11,10.75,11.11,11.07,0.04,0.3613,152385.21,166648.194
000779.SZ,20231222,11.3,11.35,10.85,11.07,11.61,-0.54,-4.6512,303434.5,336005.717
000779.SZ,20231221,10.65,11.9,10.49,11.61,10.82,0.79,7.3013,467543.54,543052.411
000779.SZ,20231220,11.23,11.49,10.7,10.82,11.05,-0.23,-2.0814,203933.4,225027.186
000779.SZ,20231219,11.46,11.52,10.9,11.05,11.46,-0.41,-3.5777,263749.78,293200.803
000779.SZ,20231218,11.1,12.08,10.94,11.46,10.98,0.48,4.3716,414104.93,487020.766
000779.SZ,20231215,10.84,11.18,10.69,10.98,10.85,0.13,1.1982,168737.56,183978.723
000779.SZ,20231214,10.35,11.36,10.27,10.85,10.33,0.52,5.0339,240682.53,265832.236
000779.SZ,20231213,10.21,10.46,10.17,10.33,10.24,0.09,0.8789,44927.18,46583.36
000779.SZ,20231212,10.06,10.25,10.01,10.24,10.06,0.18,1.7893,21583.12,21901.908
000779.SZ,20231211,9.83,10.11,9.79,10.06,9.91,0.15,1.5136,29526.51,29416.659
000779.SZ,20231208,10.22,10.24,9.91,9.91,10.19,-0.28,-2.7478,25110.0,25132.296
000779.SZ,20231207,10.16,10.23,10.13,10.19,10.14,0.05,0.4931,19947.99,20300.621
000779.SZ,20231206,10.15,10.22,10.05,10.14,10.12,0.02,0.1976,15625.28,15867.151
000779.SZ,20231205,10.36,10.37,10.1,10.12,10.36,-0.24,-2.3166,21667.01,22076.14
000779.SZ,20231204,10.33,10.46,10.29,10.36,10.34,0.02,0.1934,20566.0,21306.572
000779.SZ,20231201,10.33,10.37,10.24,10.34,10.34,0.0,0.0,22457.0,23142.792
000779.SZ,20231130,10.29,10.39,10.26,10.34,10.32,0.02,0.1938,19551.61,20147.965
000779.SZ,20231129,10.54,10.57,10.31,10.32,10.57,-0.25,-2.3652,24601.82,25585.608
000779.SZ,20231128,10.43,10.59,10.35,10.57,10.47,0.1,0.9551,16156.81,16995.221
000779.SZ,20231127,10.55,10.59,10.42,10.47,10.51,-0.04,-0.3806,19239.57,20190.41
000779.SZ,20231124,10.7,10.75,10.51,10.51,10.72,-0.21,-1.959,25146.0,26637.282
000779.SZ,20231123,10.65,10.76,10.51,10.72,10.72,0.0,0.0,26059.92,27750.079
000779.SZ,20231122,10.67,10.82,10.64,10.72,10.7,0.02,0.1869,30150.0,32464.124
000779.SZ,20231121,10.69,10.82,10.66,10.7,10.69,0.01,0.0935,25674.18,27617.787
000779.SZ,20231120,10.7,10.78,10.64,10.69,10.74,-0.05,-0.4655,20759.45,22190.545
000779.SZ,20231117,10.69,10.75,10.6,10.74,10.69,0.05,0.4677,19676.02,21018.457
000779.SZ,20231116,10.69,10.75,10.61,10.69,10.69,0.0,0.0,21523.94,23052.049
000779.SZ,20231115,10.68,10.75,10.62,10.69,10.66,0.03,0.2814,24778.59,26490.049
000779.SZ,20231114,10.62,10.7,10.57,10.66,10.63,0.03,0.2822,24787.28,26353.543
000779.SZ,20231113,10.46,10.63,10.46,10.63,10.46,0.17,1.6252,31779.68,33626.57
000779.SZ,20231110,10.54,10.55,10.36,10.46,10.63,-0.17,-1.5992,28341.49,29628.007
000779.SZ,20231109,10.53,10.67,10.46,10.63,10.55,0.08,0.7583,36546.01,38692.372
000779.SZ,20231108,10.57,10.57,10.44,10.55,10.57,-0.02,-0.1892,25357.49,26648.208
000779.SZ,20231107,10.51,10.59,10.39,10.57,10.51,0.06,0.5709,27403.0,28782.507
000779.SZ,20231106,10.5,10.56,10.42,10.51,10.41,0.1,0.9606,29442.05,30851.786
000779.SZ,20231103,10.32,10.47,10.29,10.41,10.33,0.08,0.7744,18532.68,19300.56
000779.SZ,20231102,10.47,10.51,10.33,10.33,10.48,-0.15,-1.4313,23353.09,24262.316
000779.SZ,20231101,10.47,10.55,10.4,10.48,10.47,0.01,0.0955,22419.0,23474.56
000779.SZ,20231031,10.6,10.61,10.46,10.47,10.64,-0.17,-1.5977,38040.09,39961.059
000779.SZ,20231030,10.38,10.71,10.26,10.64,10.4,0.24,2.3077,51041.59,53713.727
000779.SZ,20231027,10.6,10.6,10.28,10.4,10.6,-0.2,-1.8868,61394.38,63709.364
000779.SZ,20231026,10.42,10.63,10.37,10.6,10.62,-0.02,-0.1883,57698.33,60673.237
000779.SZ,20231025,10.57,10.75,10.34,10.62,10.02,0.6,5.988,89144.48,94346.997
000779.SZ,20231024,9.68,10.09,9.68,10.02,9.77,0.25,2.5589,37272.3,37104.796
000779.SZ,20231023,10.03,10.07,9.71,9.77,10.07,-0.3,-2.9791,29872.09,29448.161
000779.SZ,20231020,10.08,10.23,10.02,10.07,10.08,-0.01,-0.0992,17120.3,17309.971
000779.SZ,20231019,10.16,10.31,10.04,10.08,10.14,-0.06,-0.5917,17207.18,17552.043
000779.SZ,20231018,10.33,10.34,10.13,10.14,10.34,-0.2,-1.9342,15766.42,16059.318
000779.SZ,20231017,10.35,10.39,10.26,10.34,10.34,0.0,0.0,18415.0,18965.089
000779.SZ,20231016,10.27,10.38,10.22,10.34,10.28,0.06,0.5837,19372.36,19968.075
000779.SZ,20231013,10.54,10.54,10.27,10.28,10.57,-0.29,-2.7436,25815.98,26682.206
000779.SZ,20231012,10.56,10.62,10.5,10.57,10.5,0.07,0.6667,15554.99,16434.411
000779.SZ,20231011,10.65,10.65,10.44,10.5,10.54,-0.04,-0.3795,23725.54,24978.128
000779.SZ,20231010,10.7,10.79,10.45,10.54,10.71,-0.17,-1.5873,32753.0,34636.208
000779.SZ,20231009,10.88,10.96,10.64,10.71,10.89,-0.18,-1.6529,30572.9,32809.124
000779.SZ,20230928,10.75,10.92,10.75,10.89,10.72,0.17,1.5858,24828.9,26946.783
000779.SZ,20230927,10.67,10.78,10.62,10.72,10.65,0.07,0.6573,17887.0,19205.965
000779.SZ,20230926,10.63,10.75,10.58,10.65,10.61,0.04,0.377,19700.0,21043.13
000779.SZ,20230925,10.79,10.79,10.56,10.61,10.72,-0.11,-1.0261,21679.0,23039.559
000779.SZ,20230922,10.51,10.72,10.42,10.72,10.51,0.21,1.9981,24489.0,26037.88
000779.SZ,20230921,10.69,10.69,10.5,10.51,10.64,-0.13,-1.2218,21962.0,23261.914
000779.SZ,20230920,10.56,10.69,10.51,10.64,10.57,0.07,0.6623,22922.0,24408.618
000779.SZ,20230919,10.68,10.72,10.55,10.57,10.67,-0.1,-0.9372,19324.0,20513.934
000779.SZ,20230918,10.52,10.74,10.47,10.67,10.57,0.1,0.9461,20214.0,21543.982
000779.SZ,20230915,10.66,10.69,10.56,10.57,10.64,-0.07,-0.6579,22852.0,24247.094
000779.SZ,20230914,10.76,10.82,10.56,10.64,10.79,-0.15,-1.3902,27507.06,29314.172
000779.SZ,20230913,10.85,10.93,10.7,10.79,10.81,-0.02,-0.185,26400.0,28570.947
000779.SZ,20230912,10.92,10.93,10.8,10.81,10.9,-0.09,-0.8257,18059.0,19600.405
000779.SZ,20230911,10.7,10.99,10.63,10.9,10.75,0.15,1.3953,29724.0,32266.575
000779.SZ,20230908,10.85,10.93,10.69,10.75,10.88,-0.13,-1.1949,29416.0,31669.399
000779.SZ,20230907,11.06,11.12,10.87,10.88,11.04,-0.16,-1.4493,27357.0,29995.736
000779.SZ,20230906,11.05,11.08,10.9,11.04,11.05,-0.01,-0.0905,31704.0,34821.728
000779.SZ,20230905,11.27,11.27,11.02,11.05,11.27,-0.22,-1.9521,39869.9,44215.992
000779.SZ,20230904,11.06,11.3,11.06,11.27,11.13,0.14,1.2579,37306.9,41897.867
000779.SZ,20230901,11.05,11.21,11.04,11.13,11.09,0.04,0.3607,34327.0,38165.922
000779.SZ,20230831,11.39,11.5,11.08,11.09,11.46,-0.37,-3.2286,62936.93,70478.253
000779.SZ,20230830,11.46,11.54,11.37,11.46,11.53,-0.07,-0.6071,51162.93,58575.469
000779.SZ,20230829,11.12,11.53,11.12,11.53,11.17,0.36,3.2229,71896.74,82012.656
000779.SZ,20230828,11.3,11.58,11.1,11.17,10.8,0.37,3.4259,132761.93,150765.377
000779.SZ,20230825,11.1,11.16,10.74,10.8,11.42,-0.62,-5.4291,96180.68,105061.514
000779.SZ,20230824,11.3,11.9,11.02,11.42,11.22,0.2,1.7825,124367.69,142332.548
000779.SZ,20230823,11.32,11.44,10.97,11.22,11.38,-0.16,-1.406,66252.22,74292.87
000779.SZ,20230822,11.24,11.38,11.07,11.38,11.28,0.1,0.8865,49686.0,55895.551
000779.SZ,20230821,11.25,11.41,11.1,11.28,11.1,0.18,1.6216,45398.01,51283.833
000779.SZ,20230818,11.18,11.31,11.1,11.1,11.23,-0.13,-1.1576,30286.0,33901.726
000779.SZ,20230817,11.13,11.25,10.99,11.23,11.13,0.1,0.8985,32801.01,36501.022
000779.SZ,20230816,11.04,11.27,10.92,11.13,11.11,0.02,0.18,40266.01,44735.007
000779.SZ,20230815,11.28,11.29,11.0,11.11,11.28,-0.17,-1.5071,31470.42,34951.958
000779.SZ,20230814,11.14,11.28,10.93,11.28,11.15,0.13,1.1659,38718.22,43050.967
000779.SZ,20230811,11.49,11.59,11.15,11.15,11.4,-0.25,-2.193,47921.33,54133.667
000779.SZ,20230810,11.45,11.55,11.36,11.4,11.5,-0.1,-0.8696,38272.9,43698.787
000779.SZ,20230809,11.64,11.83,11.48,11.5,11.59,-0.09,-0.7765,48594.26,56540.282
000779.SZ,20230808,11.64,11.79,11.55,11.59,11.67,-0.08,-0.6855,40824.41,47593.366
000779.SZ,20230807,11.81,11.81,11.57,11.67,11.87,-0.2,-1.6849,58794.61,68473.652
000779.SZ,20230804,11.76,12.08,11.72,11.87,11.7,0.17,1.453,69230.26,82306.296
000779.SZ,20230803,11.85,11.92,11.67,11.7,11.93,-0.23,-1.9279,64156.02,75287.311
000779.SZ,20230802,11.93,12.15,11.84,11.93,12.0,-0.07,-0.5833,61184.45,73235.164
000779.SZ,20230801,12.14,12.17,11.91,12.0,12.2,-0.2,-1.6393,73643.0,88368.445
000779.SZ,20230731,11.88,12.24,11.86,12.2,11.95,0.25,2.0921,120071.98,145760.34
000779.SZ,20230728,12.0,12.12,11.77,11.95,11.96,-0.01,-0.0836,102355.69,122054.975
000779.SZ,20230727,12.18,12.19,11.94,11.96,12.36,-0.4,-3.2362,132846.97,160246.506
000779.SZ,20230726,12.0,12.39,11.93,12.36,12.16,0.2,1.6447,184737.35,225442.477
000779.SZ,20230725,11.74,12.24,11.71,12.16,11.74,0.42,3.5775,163596.45,196168.635
000779.SZ,20230724,11.76,11.98,11.57,11.74,11.73,0.01,0.0853,85291.0,99867.542
000779.SZ,20230721,11.44,11.8,11.41,11.73,11.5,0.23,2.0,84385.18,98713.577
000779.SZ,20230720,11.65,11.71,11.48,11.5,11.72,-0.22,-1.8771,60180.79,69703.753
000779.SZ,20230719,11.6,11.76,11.58,11.72,11.57,0.15,1.2965,79153.95,92580.822
000779.SZ,20230718,11.53,11.62,11.42,11.57,11.5,0.07,0.6087,58443.0,67498.109
000779.SZ,20230717,11.61,11.65,11.39,11.5,11.57,-0.07,-0.605,62827.0,71986.897
000779.SZ,20230714,11.7,11.82,11.56,11.57,11.82,-0.25,-2.1151,88437.09,103129.423
000779.SZ,20230713,11.66,11.84,11.52,11.82,11.6,0.22,1.8966,98996.42,115374.316
000779.SZ,20230712,11.93,12.13,11.59,11.6,11.93,-0.33,-2.7661,124621.79,146735.28
000779.SZ,20230711,12.08,12.13,11.78,11.93,12.28,-0.35,-2.8502,166048.49,197128.165
000779.SZ,20230710,11.41,12.8,11.31,12.28,11.67,0.61,5.2271,297990.64,359416.515
000779.SZ,20230707,11.42,12.2,11.42,11.67,11.35,0.32,2.8194,223493.7,261308.526
000779.SZ,20230706,11.5,12.07,11.29,11.35,10.97,0.38,3.464,248610.87,287302.408
000779.SZ,20230705,11.0,11.13,10.94,10.97,11.04,-0.07,-0.6341,27131.0,29937.366
000779.SZ,20230704,11.05,11.1,11.01,11.04,11.07,-0.03,-0.271,23568.0,26026.826
000779.SZ,20230703,10.99,11.14,10.97,11.07,10.96,0.11,1.0036,30636.34,33916.252
000779.SZ,20230630,10.8,11.01,10.77,10.96,10.86,0.1,0.9208,26815.3,29369.943
000779.SZ,20230629,10.72,10.89,10.67,10.86,10.75,0.11,1.0233,27804.0,30120.376
000779.SZ,20230628,10.95,10.97,10.62,10.75,10.92,-0.17,-1.5568,36169.0,38809.04
000779.SZ,20230627,10.47,10.95,10.47,10.92,10.44,0.48,4.5977,49380.93,53231.704
000779.SZ,20230626,10.71,10.86,10.41,10.44,10.86,-0.42,-3.8674,44213.38,46750.155
000779.SZ,20230621,11.11,11.23,10.86,10.86,11.12,-0.26,-2.3381,38280.38,42078.096
000779.SZ,20230620,11.33,11.33,11.11,11.12,11.39,-0.27,-2.3705,49217.82,54988.381
000779.SZ,20230619,11.23,11.45,11.22,11.39,11.28,0.11,0.9752,61134.0,69361.148
000779.SZ,20230616,11.06,11.38,11.06,11.28,11.06,0.22,1.9892,62744.93,70840.44
000779.SZ,20230615,11.08,11.19,11.0,11.06,11.12,-0.06,-0.5396,44036.25,48729.267
000779.SZ,20230614,11.25,11.36,11.06,11.12,11.26,-0.14,-1.2433,49614.64,55471.272
000779.SZ,20230613,11.22,11.35,11.15,11.26,11.34,-0.08,-0.7055,56156.84,63080.783
000779.SZ,20230612,11.17,11.48,10.88,11.34,11.15,0.19,1.704,97799.69,109854.547
000779.SZ,20230609,11.26,11.3,11.0,11.15,11.29,-0.14,-1.24,59112.0,65782.314
000779.SZ,20230608,11.15,11.46,11.08,11.29,11.2,0.09,0.8036,82480.35,93201.952
000779.SZ,20230607,10.76,11.2,10.75,11.2,10.92,0.28,2.5641,66925.49,74124.506
000779.SZ,20230606,10.81,11.18,10.77,10.92,10.85,0.07,0.6452,79770.0,87741.116
000779.SZ,20230605,11.0,11.1,10.81,10.85,10.7,0.15,1.4019,58489.39,63880.382
000779.SZ,20230602,10.77,10.8,10.67,10.7,10.76,-0.06,-0.5576,29290.0,31383.29
000779.SZ,20230601,10.66,10.87,10.52,10.76,10.74,0.02,0.1862,43628.0,46746.2
000779.SZ,20230531,10.44,10.8,10.44,10.74,10.51,0.23,2.1884,57039.35,60982.435
000779.SZ,20230530,10.24,10.55,10.16,10.51,10.31,0.2,1.9399,49307.0,51403.218
000779.SZ,20230529,10.77,10.86,10.3,10.31,10.9,-0.59,-5.4128,88990.43,93069.348
000779.SZ,20230526,11.12,11.3,10.68,10.9,10.67,0.23,2.1556,103605.17,112685.099
000779.SZ,20230525,10.61,10.78,10.5,10.67,10.61,0.06,0.5655,36655.0,38918.582
000779.SZ,20230524,10.69,10.79,10.61,10.61,10.67,-0.06,-0.5623,27619.33,29524.661
000779.SZ,20230523,11.02,11.05,10.67,10.67,10.97,-0.3,-2.7347,37331.35,40246.39
000779.SZ,20230522,11.05,11.12,10.93,10.97,11.11,-0.14,-1.2601,32284.0,35480.104
000779.SZ,20230519,11.39,11.4,11.11,11.11,11.39,-0.28,-2.4583,35173.0,39291.687
000779.SZ,20230518,11.36,11.46,11.22,11.39,11.34,0.05,0.4409,31966.0,36269.227
000779.SZ,20230517,11.25,11.38,11.23,11.34,11.31,0.03,0.2653,32311.9,36550.987
000779.SZ,20230516,11.65,11.67,11.25,11.31,11.65,-0.34,-2.9185,36250.66,41262.677
000779.SZ,20230515,11.54,11.67,11.37,11.65,11.58,0.07,0.6045,39688.0,45824.664
000779.SZ,20230512,11.78,11.78,11.55,11.58,11.78,-0.2,-1.6978,35844.0,41715.839
000779.SZ,20230511,11.83,11.85,11.6,11.78,11.81,-0.03,-0.254,54024.7,63351.875
000779.SZ,20230510,11.66,11.93,11.65,11.81,11.7,0.11,0.9402,59181.0,69867.043
000779.SZ,20230509,11.83,12.1,11.69,11.7,11.92,-0.22,-1.8456,104798.49,124383.413
000779.SZ,20230508,11.77,12.17,11.72,11.92,11.77,0.15,1.2744,134831.64,160845.686
000779.SZ,20230505,11.38,11.82,11.3,11.77,11.38,0.39,3.4271,127418.33,148355.232
000779.SZ,20230504,11.21,11.39,11.1,11.38,11.23,0.15,1.3357,63096.1,71083.502
000779.SZ,20230428,10.92,11.25,10.82,11.23,10.87,0.36,3.3119,75233.06,83180.851
000779.SZ,20230427,10.54,10.92,10.51,10.87,10.59,0.28,2.644,70055.03,75769.855
000779.SZ,20230426,10.41,10.8,10.4,10.59,10.49,0.1,0.9533,60576.33,64405.744
000779.SZ,20230425,11.05,11.07,10.34,10.49,11.07,-0.58,-5.2394,100247.88,106152.691
000779.SZ,20230424,11.0,11.15,10.94,11.07,11.04,0.03,0.2717,58787.06,65034.594
000779.SZ,20230421,11.61,11.73,11.03,11.04,11.7,-0.66,-5.641,121919.06,138042.446
000779.SZ,20230420,11.9,11.92,11.42,11.7,12.06,-0.36,-2.9851,121303.08,141276.354
000779.SZ,20230419,11.89,12.09,11.73,12.06,12.02,0.04,0.3328,118086.76,141053.096
000779.SZ,20230418,13.15,13.16,12.02,12.02,13.35,-1.33,-9.9625,240891.4,297362.808
000779.SZ,20230417,13.83,14.17,13.2,13.35,13.83,-0.48,-3.4707,153224.75,208077.689
000779.SZ,20230414,13.88,14.42,13.63,13.83,13.91,-0.08,-0.5751,247068.89,347636.428
000779.SZ,20230413,13.49,14.29,13.36,13.91,13.56,0.35,2.5811,219806.56,303890.867
000779.SZ,20230412,13.5,13.88,13.42,13.56,13.68,-0.12,-0.8772,141277.37,191648.531
000779.SZ,20230411,13.14,13.68,12.88,13.68,13.14,0.54,4.1096,173197.8,231795.039
000779.SZ,20230410,13.08,13.28,12.87,13.14,13.12,0.02,0.1524,105758.29,138347.568
000779.SZ,20230407,13.38,13.39,13.04,13.12,13.42,-0.3,-2.2355,125094.45,164553.164
000779.SZ,20230406,13.61,13.78,13.38,13.42,13.89,-0.47,-3.3837,187757.62,254301.612
000779.SZ,20230404,13.1,13.97,12.92,13.89,13.1,0.79,6.0305,319525.38,433707.337
000779.SZ,20230403,12.82,13.17,12.8,13.1,12.96,0.14,1.0802,147897.61,192810.437
000779.SZ,20230331,13.2,13.24,12.8,12.96,13.18,-0.22,-1.6692,146048.67,189376.225
000779.SZ,20230330,13.07,13.22,12.79,13.18,12.99,0.19,1.4627,179056.08,233289.046
000779.SZ,20230329,13.32,13.54,12.81,12.99,13.45,-0.46,-3.4201,228424.68,298560.47
000779.SZ,20230328,13.62,13.78,13.32,13.45,14.09,-0.64,-4.5422,295234.65,399994.358
000779.SZ,20230327,13.2,14.55,13.02,14.09,13.7,0.39,2.8467,564194.16,774110.423
000779.SZ,20230324,12.72,13.7,12.7,13.7,12.45,1.25,10.0402,339647.48,459080.784
000779.SZ,20230323,12.27,12.45,12.11,12.45,12.34,0.11,0.8914,124705.08,153105.508
000779.SZ,20230322,11.96,12.41,11.91,12.34,12.05,0.29,2.4066,151822.0,186163.193
000779.SZ,20230321,12.04,12.19,11.79,12.05,11.91,0.14,1.1755,87445.14,104490.186
000779.SZ,20230320,12.14,12.33,11.86,11.91,12.09,-0.18,-1.4888,125796.01,152231.103
000779.SZ,20230317,11.87,12.18,11.76,12.09,11.78,0.31,2.6316,118392.78,142493.961
000779.SZ,20230316,11.8,11.93,11.66,11.78,11.96,-0.18,-1.505,93347.96,110078.043
000779.SZ,20230315,11.72,12.13,11.51,11.96,11.64,0.32,2.7491,141651.7,168310.399
000779.SZ,20230314,12.11,12.29,11.58,11.64,12.3,-0.66,-5.3659,152654.68,179679.961
000779.SZ,20230313,11.99,12.57,11.82,12.3,12.06,0.24,1.99,153675.5,187114.052
000779.SZ,20230310,12.54,12.55,12.04,12.06,12.76,-0.7,-5.4859,177441.89,216649.85
000779.SZ,20230309,12.81,12.96,12.47,12.76,13.0,-0.24,-1.8462,208593.08,264951.32
000779.SZ,20230308,12.56,13.23,12.45,13.0,12.54,0.46,3.6683,297847.22,383047.813
000779.SZ,20230307,12.13,13.44,12.13,12.54,12.25,0.29,2.3673,292607.98,372106.796
000779.SZ,20230306,12.72,12.77,12.21,12.25,12.64,-0.39,-3.0854,202423.95,250965.274
000779.SZ,20230303,12.29,12.68,12.21,12.64,12.25,0.39,3.1837,256093.73,319112.655
000779.SZ,20230302,12.11,12.55,12.02,12.25,12.3,-0.05,-0.4065,198290.3,243715.945
000779.SZ,20230301,12.08,12.31,11.77,12.3,12.26,0.04,0.3263,190792.0,230337.805
000779.SZ,20230228,12.15,12.49,11.91,12.26,12.03,0.23,1.9119,223464.9,272618.904
000779.SZ,20230227,11.68,12.03,11.52,12.03,11.84,0.19,1.6047,133327.56,158237.676
000779.SZ,20230224,11.81,11.95,11.46,11.84,11.59,0.25,2.157,100436.56,118182.117
000779.SZ,20230223,11.71,11.8,11.48,11.59,11.69,-0.1,-0.8554,48810.5,56706.721
000779.SZ,20230222,11.74,11.84,11.55,11.69,11.76,-0.07,-0.5952,64567.84,75418.601
000779.SZ,20230221,11.37,11.76,11.29,11.76,11.36,0.4,3.5211,121826.83,141405.757
000779.SZ,20230220,11.15,11.39,11.15,11.36,11.24,0.12,1.0676,70824.51,79880.238
000779.SZ,20230217,11.41,11.59,11.24,11.24,11.4,-0.16,-1.4035,87143.6,99368.905
000779.SZ,20230216,12.18,12.18,11.21,11.4,12.19,-0.79,-6.4807,160907.93,190429.779
000779.SZ,20230215,12.1,12.21,11.97,12.19,12.09,0.1,0.8271,109025.55,132216.023
000779.SZ,20230214,12.29,12.29,11.96,12.09,12.3,-0.21,-1.7073,139415.93,168188.428
000779.SZ,20230213,12.12,12.34,12.11,12.3,12.22,0.08,0.6547,172635.32,211074.783
000779.SZ,20230210,12.68,12.69,12.16,12.22,12.68,-0.46,-3.6278,310232.87,381649.44
000779.SZ,20230209,11.51,12.68,11.51,12.68,11.53,1.15,9.974,167740.27,208387.176
000779.SZ,20230208,11.82,11.91,11.53,11.53,11.89,-0.36,-3.0278,98074.34,114506.398
000779.SZ,20230207,11.57,12.21,11.42,11.89,11.64,0.25,2.1478,173365.04,204861.112
000779.SZ,20230206,11.38,11.64,11.36,11.64,11.5,0.14,1.2174,98336.29,113431.806
000779.SZ,20230203,11.6,11.61,11.36,11.5,11.58,-0.08,-0.6908,69251.03,79367.761
000779.SZ,20230202,11.54,11.66,11.47,11.58,11.64,-0.06,-0.5155,76662.6,88383.889
000779.SZ,20230201,11.44,11.65,11.35,11.64,11.4,0.24,2.1053,124141.39,143181.122
000779.SZ,20230131,11.29,11.56,11.2,11.4,11.29,0.11,0.9743,94117.71,107164.584
000779.SZ,20230130,11.13,11.39,11.03,11.29,10.95,0.34,3.105,91633.5,102921.01
000779.SZ,20230120,11.15,11.17,10.87,10.95,10.99,-0.04,-0.364,56313.23,61883.724
000779.SZ,20230119,10.75,11.1,10.4,10.99,11.18,-0.19,-1.6995,109379.0,118803.308
000779.SZ,20230118,11.24,11.32,11.1,11.18,11.15,0.03,0.2691,60338.31,67669.491
000779.SZ,20230117,11.48,11.48,11.1,11.15,11.5,-0.35,-3.0435,84724.0,95176.173
000779.SZ,20230116,11.31,11.55,11.09,11.5,11.23,0.27,2.4043,107520.68,121720.015
000779.SZ,20230113,11.17,11.4,11.05,11.23,11.22,0.01,0.0891,82841.23,93019.49
000779.SZ,20230112,11.36,11.47,11.05,11.22,11.57,-0.35,-3.0251,115054.08,129199.911
000779.SZ,20230111,11.24,11.65,11.08,11.57,11.24,0.33,2.9359,203091.44,232975.165
000779.SZ,20230110,11.2,11.31,11.01,11.24,11.25,-0.01,-0.0889,88974.12,99457.525
000779.SZ,20230109,11.18,11.35,10.96,11.25,11.14,0.11,0.9874,129486.8,145062.428
000779.SZ,20230106,11.17,11.38,11.1,11.14,11.15,-0.01,-0.0897,135793.29,152021.607
000779.SZ,20230105,11.13,11.75,11.09,11.15,11.21,-0.06,-0.5352,280092.75,316907.067
000779.SZ,20230104,10.17,11.21,10.13,11.21,10.19,1.02,10.0098,144570.58,156820.657
000779.SZ,20230103,9.8,10.24,9.7,10.19,9.82,0.37,3.7678,68260.99,68410.877
000779.SZ,20221230,9.75,9.88,9.62,9.82,9.68,0.14,1.4463,50859.0,49759.755
000779.SZ,20221229,10.13,10.18,9.66,9.68,10.19,-0.51,-5.0049,95188.92,93283.236
000779.SZ,20221228,10.65,10.71,10.18,10.19,10.72,-0.53,-4.944,74820.33,77261.606
000779.SZ,20221227,10.67,10.9,10.52,10.72,10.48,0.24,2.2901,93439.72,100174.187
000779.SZ,20221226,10.42,10.57,10.3,10.48,10.49,-0.01,-0.0953,57578.72,60014.988
000779.SZ,20221223,10.16,10.54,10.05,10.49,10.28,0.21,2.0428,76552.02,79720.369
000779.SZ,20221222,10.52,10.64,10.28,10.28,10.45,-0.17,-1.6268,59990.15,62708.324
000779.SZ,20221221,10.72,10.76,10.31,10.45,10.83,-0.38,-3.5088,76092.05,79881.333
000779.SZ,20221220,11.18,11.2,10.76,10.83,11.04,-0.21,-1.9022,53070.64,57890.8
000779.SZ,20221219,10.98,11.26,10.78,11.04,10.94,0.1,0.9141,74013.03,81160.744
000779.SZ,20221216,11.31,11.4,10.8,10.94,11.43,-0.49,-4.287,107552.59,119129.907
000779.SZ,20221215,11.53,11.53,11.1,11.43,11.64,-0.21,-1.8041,124116.78,140154.458
000779.SZ,20221214,11.93,12.58,11.55,11.64,12.17,-0.53,-4.355,218135.41,262110.071
000779.SZ,20221213,11.68,12.25,11.51,12.17,11.68,0.49,4.1952,220705.81,262296.143
000779.SZ,20221212,11.45,11.99,11.23,11.68,11.41,0.27,2.3663,158408.72,183565.4
000779.SZ,20221209,11.7,11.7,11.22,11.41,11.65,-0.24,-2.0601,115757.0,131358.599
000779.SZ,20221208,11.63,11.82,11.46,11.65,11.83,-0.18,-1.5216,143453.0,166501.59
000779.SZ,20221207,11.48,12.08,11.3,11.83,11.46,0.37,3.2286,262270.48,305966.314
000779.SZ,20221206,11.8,12.27,11.3,11.46,11.8,-0.34,-2.8814,298625.01,348879.94
000779.SZ,20221205,10.71,11.8,10.6,11.8,10.73,1.07,9.972,234575.26,261998.649
000779.SZ,20221202,10.42,10.85,10.31,10.73,10.45,0.28,2.6794,149385.58,159143.745
000779.SZ,20221201,10.61,10.67,10.42,10.45,10.54,-0.09,-0.8539,89899.14,94402.889
000779.SZ,20221130,10.83,10.97,10.42,10.54,10.79,-0.25,-2.317,134859.63,142863.04
000779.SZ,20221129,10.67,11.0,10.51,10.79,10.48,0.31,2.958,176986.03,189851.797
000779.SZ,20221128,10.91,10.93,10.35,10.48,11.12,-0.64,-5.7554,202271.13,213847.131
000779.SZ,20221125,11.51,11.74,11.02,11.12,11.85,-0.73,-6.1603,232997.67,265135.883
000779.SZ,20221124,11.61,11.92,11.35,11.85,11.9,-0.05,-0.4202,259677.07,302300.207
000779.SZ,20221123,11.77,13.28,11.56,11.9,12.08,-0.18,-1.4901,446008.21,551782.26
000779.SZ,20221122,10.9,12.08,10.9,12.08,10.98,1.1,10.0182,391542.19,453228.926
000779.SZ,20221121,11.03,11.4,10.81,10.98,11.43,-0.45,-3.937,224766.34,247469.967
000779.SZ,20221118,11.7,12.43,11.31,11.43,11.3,0.13,1.1504,447776.65,536676.232
000779.SZ,20221117,10.17,11.3,10.15,11.3,10.27,1.03,10.0292,174209.24,193110.349
000779.SZ,20221116,10.65,10.65,10.25,10.27,10.73,-0.46,-4.287,104805.0,108785.048
000779.SZ,20221115,10.68,10.86,10.5,10.73,10.9,-0.17,-1.5596,127600.97,135826.865
000779.SZ,20221114,10.5,11.2,10.5,10.9,10.4,0.5,4.8077,224029.21,242939.943
000779.SZ,20221111,10.32,10.49,10.13,10.4,10.19,0.21,2.0608,150256.0,154941.709
000779.SZ,20221110,10.02,10.28,9.87,10.19,10.12,0.07,0.6917,110295.11,111840.944
000779.SZ,20221109,10.34,10.45,10.12,10.12,10.49,-0.37,-3.5272,133420.36,136615.588
000779.SZ,20221108,10.12,10.8,9.84,10.49,10.12,0.37,3.6561,227326.35,233246.895
000779.SZ,20221107,10.28,10.97,10.11,10.12,10.01,0.11,1.0989,276598.95,286768.004
000779.SZ,20221104,9.33,10.01,9.33,10.01,9.1,0.91,10.0,79344.04,78394.533
000779.SZ,20221103,8.99,9.13,8.94,9.1,9.03,0.07,0.7752,22470.15,20368.484
000779.SZ,20221102,9.03,9.08,8.95,9.03,9.02,0.01,0.1109,28727.0,25903.128
000779.SZ,20221101,8.94,9.04,8.9,9.02,8.92,0.1,1.1211,27076.01,24336.238
000779.SZ,20221031,8.68,8.98,8.6,8.92,8.72,0.2,2.2936,21160.01,18772.619
000779.SZ,20221028,9.0,9.0,8.69,8.72,8.93,-0.21,-2.3516,23829.07,21016.744
000779.SZ,20221027,8.92,9.07,8.85,8.93,8.93,0.0,0.0,19365.33,17340.816
000779.SZ,20221026,8.71,9.05,8.7,8.93,8.71,0.22,2.5258,30328.24,26960.697
000779.SZ,20221025,8.58,8.78,8.42,8.71,8.58,0.13,1.5152,18010.73,15542.628
000779.SZ,20221024,8.8,8.89,8.57,8.58,8.81,-0.23,-2.6107,19939.23,17371.111
000779.SZ,20221021,8.85,8.94,8.8,8.81,8.78,0.03,0.3417,14408.56,12780.843
000779.SZ,20221020,8.78,8.88,8.72,8.78,8.81,-0.03,-0.3405,15269.61,13431.302
000779.SZ,20221019,8.93,8.97,8.81,8.81,8.92,-0.11,-1.2332,12583.0,11143.42
000779.SZ,20221018,8.88,9.1,8.84,8.92,8.84,0.08,0.905,29287.33,26249.199
000779.SZ,20221017,8.7,8.86,8.66,8.84,8.73,0.11,1.26,19677.9,17334.036
000779.SZ,20221014,8.75,8.85,8.72,8.73,8.69,0.04,0.4603,21043.0,18460.143
000779.SZ,20221013,8.64,8.76,8.59,8.69,8.63,0.06,0.6952,17452.28,15149.113
000779.SZ,20221012,8.5,8.63,8.38,8.63,8.42,0.21,2.4941,15992.38,13622.88
000779.SZ,20221011,8.4,8.45,8.24,8.42,8.4,0.02,0.2381,11430.61,9558.104
000779.SZ,20221010,8.61,8.69,8.37,8.4,8.62,-0.22,-2.5522,14158.62,12042.271
000779.SZ,20220930,8.62,8.71,8.54,8.62,8.64,-0.02,-0.2315,9932.62,8568.288
000779.SZ,20220929,8.8,8.85,8.59,8.64,8.74,-0.1,-1.1442,17205.07,14970.739
000779.SZ,20220928,8.94,9.06,8.74,8.74,8.93,-0.19,-2.1277,19174.33,17034.414
000779.SZ,20220927,8.76,8.98,8.75,8.93,8.76,0.17,1.9406,18161.31,16085.195
000779.SZ,20220926,9.09,9.09,8.73,8.76,9.06,-0.3,-3.3113,25053.94,22205.619
000779.SZ,20220923,9.13,9.27,9.03,9.06,9.17,-0.11,-1.1996,19616.0,17924.148
000779.SZ,20220922,9.29,9.35,9.16,9.17,9.32,-0.15,-1.6094,16494.06,15254.412
000779.SZ,20220921,9.28,9.36,9.08,9.32,9.26,0.06,0.6479,16637.0,15383.078
000779.SZ,20220920,9.25,9.35,9.2,9.26,9.18,0.08,0.8715,13321.37,12346.675
000779.SZ,20220919,9.36,9.4,9.13,9.18,9.36,-0.18,-1.9231,29655.45,27430.995
000779.SZ,20220916,9.8,9.82,9.36,9.36,9.79,-0.43,-4.3922,36457.15,34733.149
000779.SZ,20220915,9.98,9.99,9.64,9.79,9.92,-0.13,-1.3105,29230.67,28689.654
000779.SZ,20220914,9.88,10.02,9.8,9.92,10.0,-0.08,-0.8,23126.32,22906.464
000779.SZ,20220913,10.02,10.16,10.0,10.0,10.0,0.0,0.0,30825.93,31044.924
000779.SZ,20220909,9.88,10.05,9.88,10.0,9.82,0.18,1.833,34151.25,34106.48
000779.SZ,20220908,10.1,10.1,9.82,9.82,9.97,-0.15,-1.5045,25199.0,24949.747
000779.SZ,20220907,9.91,9.98,9.82,9.97,9.92,0.05,0.504,29514.1,29307.003
000779.SZ,20220906,9.92,9.97,9.83,9.92,9.91,0.01,0.1009,26098.99,25795.484
000779.SZ,20220905,9.77,9.98,9.68,9.91,9.77,0.14,1.433,39255.99,38639.254
000779.SZ,20220902,9.71,9.85,9.64,9.77,9.71,0.06,0.6179,39258.0,38129.867
000779.SZ,20220901,9.56,10.06,9.53,9.71,9.55,0.16,1.6754,61716.94,60623.643
000779.SZ,20220831,9.62,9.75,9.44,9.55,9.68,-0.13,-1.343,32089.0,30786.926
000779.SZ,20220830,9.6,9.71,9.5,9.68,9.54,0.14,1.4675,28219.93,27110.931
000779.SZ,20220829,9.43,9.56,9.23,9.54,9.43,0.11,1.1665,24956.97,23595.516
000779.SZ,20220826,9.62,9.63,9.36,9.43,9.72,-0.29,-2.9835,42503.01,40393.123
000779.SZ,20220825,9.64,9.83,9.56,9.72,9.57,0.15,1.5674,34669.91,33681.89
000779.SZ,20220824,9.84,9.89,9.56,9.57,9.84,-0.27,-2.7439,37139.0,36070.15
000779.SZ,20220823,9.86,9.9,9.77,9.84,9.83,0.01,0.1017,25182.43,24763.37
000779.SZ,20220822,9.95,9.96,9.75,9.83,9.95,-0.12,-1.206,37300.03,36659.801
000779.SZ,20220819,10.15,10.19,9.93,9.95,10.25,-0.3,-2.9268,66775.0,67129.033
000779.SZ,20220818,9.91,10.66,9.75,10.25,9.94,0.31,3.1187,107256.26,109546.117
000779.SZ,20220817,9.92,10.07,9.84,9.94,9.89,0.05,0.5056,29031.01,28823.607
000779.SZ,20220816,9.8,9.96,9.8,9.89,9.78,0.11,1.1247,29338.23,29020.314
000779.SZ,20220815,9.94,9.94,9.71,9.78,9.92,-0.14,-1.4113,29592.17,28940.759
000779.SZ,20220812,9.83,10.0,9.76,9.92,9.84,0.08,0.813,28208.01,27873.812
000779.SZ,20220811,9.68,9.96,9.68,9.84,9.72,0.12,1.2346,29575.0,29170.273
000779.SZ,20220810,9.59,9.75,9.48,9.72,9.65,0.07,0.7254,36119.19,34710.159
000779.SZ,20220809,9.75,9.8,9.62,9.65,9.75,-0.1,-1.0256,21570.0,20847.383
000779.SZ,20220808,9.69,9.79,9.62,9.75,9.7,0.05,0.5155,20263.97,19699.283
000779.SZ,20220805,9.68,9.72,9.55,9.7,9.68,0.02,0.2066,27521.01,26534.682
000779.SZ,20220804,9.45,9.72,9.45,9.68,9.44,0.24,2.5424,38352.09,36758.074
000779.SZ,20220803,9.31,9.66,9.31,9.44,9.31,0.13,1.3963,45746.66,43308.141
000779.SZ,20220802,10.1,10.1,9.2,9.31,10.13,-0.82,-8.0948,74615.69,70943.404
000779.SZ,20220801,10.16,10.23,10.1,10.13,10.25,-0.12,-1.1707,26103.0,26451.945
000779.SZ,20220729,10.45,10.45,10.2,10.25,10.44,-0.19,-1.8199,37929.46,39097.671
000779.SZ,20220728,10.35,10.5,10.33,10.44,10.32,0.12,1.1628,32012.0,33364.113
000779.SZ,20220727,10.4,10.45,10.3,10.32,10.47,-0.15,-1.4327,28418.0,29425.354
000779.SZ,20220726,10.31,10.48,10.2,10.47,10.27,0.2,1.9474,36291.27,37699.015
000779.SZ,20220725,10.38,10.53,10.25,10.27,10.42,-0.15,-1.4395,26105.8,27026.707
000779.SZ,20220722,10.42,10.55,10.28,10.42,10.42,0.0,0.0,35751.29,37243.295
000779.SZ,20220721,10.56,10.67,10.42,10.42,10.61,-0.19,-1.7908,41898.66,44042.687
000779.SZ,20220720,10.68,10.69,10.5,10.61,10.62,-0.01,-0.0942,31085.0,32868.322
000779.SZ,20220719,10.77,10.78,10.48,10.62,10.65,-0.03,-0.2817,50479.02,53519.972
000779.SZ,20220718,10.05,10.65,10.05,10.65,10.07,0.58,5.7597,89396.72,93869.698
000779.SZ,20220715,10.39,10.49,10.06,10.07,10.45,-0.38,-3.6364,64292.06,65610.234
000779.SZ,20220714,10.67,10.69,10.44,10.45,10.85,-0.4,-3.6866,85929.3,90495.314
000779.SZ,20220713,10.92,11.06,10.76,10.85,10.84,0.01,0.0923,118473.84,129151.623
000779.SZ,20220712,10.48,10.86,10.39,10.84,10.48,0.36,3.4351,109620.0,117477.075
000779.SZ,20220711,10.38,10.54,10.29,10.48,10.43,0.05,0.4794,47552.1,49709.933
000779.SZ,20220708,10.2,10.5,10.2,10.43,10.22,0.21,2.0548,52148.1,54158.39
000779.SZ,20220707,10.25,10.4,10.21,10.22,10.26,-0.04,-0.3899,39424.92,40471.919
000779.SZ,20220706,10.53,10.53,10.15,10.26,10.5,-0.24,-2.2857,71015.34,73049.886
000779.SZ,20220705,10.83,10.87,10.42,10.5,10.84,-0.34,-3.1365,103710.99,110110.728
000779.SZ,20220704,11.15,11.15,10.79,10.84,11.15,-0.31,-2.7803,85860.98,93316.339
000779.SZ,20220701,11.31,11.45,11.12,11.15,11.31,-0.16,-1.4147,103803.17,116932.214
000779.SZ,20220630,11.15,11.46,10.93,11.31,11.15,0.16,1.435,169570.81,189911.663
000779.SZ,20220629,10.9,11.26,10.81,11.15,10.9,0.25,2.2936,171311.45,190181.158
000779.SZ,20220628,10.77,10.94,10.57,10.9,10.73,0.17,1.5843,82512.56,89284.406
000779.SZ,20220627,10.77,10.89,10.73,10.73,10.81,-0.08,-0.7401,66709.04,72010.255
000779.SZ,20220624,10.93,11.05,10.79,10.81,10.97,-0.16,-1.4585,71415.0,77802.269
000779.SZ,20220623,10.93,11.02,10.7,10.97,11.0,-0.03,-0.2727,88407.45,96133.739
000779.SZ,20220622,11.1,11.2,10.93,11.0,11.11,-0.11,-0.9901,72829.0,80685.394
000779.SZ,20220621,11.2,11.31,11.0,11.11,11.16,-0.05,-0.448,81988.79,91560.838
000779.SZ,20220620,11.42,11.48,11.3,11.31,11.42,-0.11,-0.9632,79811.89,90730.716
000779.SZ,20220617,11.2,11.44,10.93,11.42,11.36,0.06,0.5282,119536.37,133959.105
000779.SZ,20220616,11.28,11.39,11.19,11.36,11.28,0.08,0.7092,76353.0,86259.275
000779.SZ,20220615,11.3,11.48,11.18,11.28,11.32,-0.04,-0.3534,109127.87,123924.58
000779.SZ,20220614,11.41,11.6,11.12,11.32,11.47,-0.15,-1.3078,123546.77,140207.533
000779.SZ,20220613,11.39,11.52,11.24,11.47,11.5,-0.03,-0.2609,101467.76,115526.643
000779.SZ,20220610,11.56,11.63,11.3,11.5,11.7,-0.2,-1.7094,132168.66,151505.467
000779.SZ,20220609,11.53,12.0,11.5,11.7,11.66,0.04,0.3431,166323.29,195445.193
000779.SZ,20220608,11.92,12.04,11.4,11.66,11.9,-0.24,-2.0168,163620.2,192080.71
000779.SZ,20220607,12.0,12.03,11.66,11.9,11.99,-0.09,-0.7506,129205.99,152902.182
000779.SZ,20220606,11.84,12.01,11.76,11.99,11.81,0.18,1.5241,130459.92,155758.708
000779.SZ,20220602,12.31,12.31,11.72,11.81,12.14,-0.33,-2.7183,177754.18,211818.337
000779.SZ,20220601,12.05,12.28,11.94,12.14,12.22,-0.08,-0.6547,163395.38,197932.709
000779.SZ,20220531,12.65,12.81,11.89,12.22,12.71,-0.49,-3.8552,272415.45,330016.735
000779.SZ,20220530,13.0,13.18,12.61,12.71,13.23,-0.52,-3.9305,274474.86,352946.102
000779.SZ,20220527,12.39,13.51,12.31,13.23,12.63,0.6,4.7506,406642.73,522984.664
000779.SZ,20220526,12.53,13.06,12.46,12.63,12.55,0.08,0.6375,317967.47,405823.527
000779.SZ,20220525,12.74,13.07,12.38,12.55,13.46,-0.91,-6.7608,382617.34,484687.683
000779.SZ,20220524,13.46,14.65,13.46,13.46,14.96,-1.5,-10.0267,588210.55,803814.351
000779.SZ,20220523,14.96,14.96,14.96,14.96,16.62,-1.66,-9.988,31827.0,47613.192
000779.SZ,20220520,17.8,17.8,14.56,16.62,16.18,0.44,2.7194,820425.33,1364573.654
000779.SZ,20220519,15.98,16.18,15.65,16.18,14.71,1.47,9.9932,136324.96,218590.3
000779.SZ,20220518,14.34,14.71,14.06,14.71,13.37,1.34,10.0224,165305.99,240425.617
000779.SZ,20220517,12.21,13.37,12.01,13.37,12.15,1.22,10.0412,230026.18,299200.018
000779.SZ,20220516,11.5,12.87,11.5,12.15,11.7,0.45,3.8462,357319.69,445994.485
000779.SZ,20220513,11.65,11.95,11.61,11.7,11.82,-0.12,-1.0152,153327.29,179824.381
000779.SZ,20220512,11.51,11.99,11.34,11.82,11.66,0.16,1.3722,248723.52,290950.614
000779.SZ,20220511,12.0,12.78,11.32,11.66,11.65,0.01,0.0858,363054.39,430478.323
000779.SZ,20220510,10.49,11.65,10.4,11.65,10.59,1.06,10.0094,236634.07,268467.233
000779.SZ,20220509,10.51,10.73,10.3,10.59,10.24,0.35,3.418,103965.0,109849.783
000779.SZ,20220506,10.12,10.64,10.01,10.24,10.52,-0.28,-2.6616,107952.79,110570.183
000779.SZ,20220505,10.0,10.96,9.98,10.52,10.0,0.52,5.2,183358.2,191252.057
000779.SZ,20220429,9.12,10.0,9.11,10.0,9.09,0.91,10.011,65096.04,63755.016
000779.SZ,20220428,9.55,9.75,8.99,9.09,9.99,-0.9,-9.009,132226.52,122219.241
000779.SZ,20220427,10.35,10.39,9.55,9.99,10.61,-0.62,-5.8435,167120.63,164393.137
000779.SZ,20220426,10.3,10.75,10.08,10.61,10.3,0.31,3.0097,136277.59,142810.515
000779.SZ,20220425,9.89,10.76,9.87,10.3,10.16,0.14,1.378,139075.27,145142.397
000779.SZ,20220422,9.98,10.46,9.81,10.16,10.04,0.12,1.1952,73277.25,75025.241
000779.SZ,20220421,10.72,10.72,10.0,10.04,10.79,-0.75,-6.9509,113697.05,116733.217
000779.SZ,20220420,11.25,11.25,10.63,10.79,11.2,-0.41,-3.6607,91617.85,100321.215
000779.SZ,20220419,10.56,11.25,10.45,11.2,10.7,0.5,4.6729,107401.0,116724.758
000779.SZ,20220418,10.6,11.17,10.46,10.7,11.02,-0.32,-2.9038,94391.59,101566.194
000779.SZ,20220415,11.52,11.88,10.95,11.02,11.52,-0.5,-4.3403,119943.6,136230.948
000779.SZ,20220414,11.46,11.68,11.15,11.52,11.55,-0.03,-0.2597,108869.36,124096.394
000779.SZ,20220413,11.8,11.86,11.32,11.55,12.2,-0.65,-5.3279,142879.17,165938.566
000779.SZ,20220412,11.87,12.58,11.57,12.2,12.15,0.05,0.4115,195172.54,235214.496
000779.SZ,20220411,11.93,13.0,11.51,12.15,11.84,0.31,2.6182,273183.68,333046.557
000779.SZ,20220408,11.41,11.99,11.31,11.84,11.41,0.43,3.7686,199302.09,232262.129
000779.SZ,20220407,11.05,11.68,10.91,11.41,11.01,0.4,3.6331,161346.36,183638.054
000779.SZ,20220406,10.6,11.2,10.53,11.01,10.58,0.43,4.0643,97098.47,106093.193
000779.SZ,20220401,10.94,10.97,10.51,10.58,11.03,-0.45,-4.0798,92195.58,98487.66
000779.SZ,20220331,11.19,11.57,11.01,11.03,10.96,0.07,0.6387,121235.23,136770.026
000779.SZ,20220330,10.7,11.26,10.7,10.96,10.67,0.29,2.7179,76609.26,84403.789
000779.SZ,20220329,10.93,10.99,10.6,10.67,10.93,-0.26,-2.3788,60658.1,65058.332
000779.SZ,20220328,10.72,11.07,10.54,10.93,10.72,0.21,1.959,86488.1,94072.418
000779.SZ,20220325,11.46,11.46,10.67,10.72,11.39,-0.67,-5.8824,131748.16,144068.781
000779.SZ,20220324,11.94,12.04,11.39,11.39,11.94,-0.55,-4.6064,123542.16,144473.536
000779.SZ,20220323,11.55,12.24,11.39,11.94,11.66,0.28,2.4014,172425.55,203681.423
000779.SZ,20220322,11.9,11.9,11.37,11.66,12.05,-0.39,-3.2365,143318.17,165644.315
000779.SZ,20220321,12.0,12.23,11.75,12.05,12.0,0.05,0.4167,217353.73,260440.968
000779.SZ,20220318,11.4,12.54,11.22,12.0,11.41,0.59,5.1709,262853.59,310854.83
000779.SZ,20220317,11.24,11.7,11.05,11.41,11.41,0.0,0.0,224702.92,256289.992
000779.SZ,20220316,11.04,11.54,10.33,11.41,10.96,0.45,4.1058,275856.53,301690.496
000779.SZ,20220315,10.1,11.22,9.83,10.96,10.2,0.76,7.451,295208.76,322371.337
000779.SZ,20220314,10.97,11.1,10.19,10.2,11.05,-0.85,-7.6923,107572.31,114127.851
000779.SZ,20220311,10.98,11.25,10.65,11.05,11.19,-0.14,-1.2511,105402.1,114848.488
000779.SZ,20220310,10.73,11.19,10.62,11.19,10.72,0.47,4.3843,141443.44,155145.363
000779.SZ,20220309,10.31,10.8,10.05,10.72,10.36,0.36,3.4749,118423.85,124607.554
000779.SZ,20220308,10.32,10.48,10.1,10.36,10.2,0.16,1.5686,80761.7,83614.904
000779.SZ,20220307,10.29,10.46,10.15,10.2,10.32,-0.12,-1.1628,46884.31,48347.308
000779.SZ,20220304,10.5,10.58,10.27,10.32,10.64,-0.32,-3.0075,54310.74,56483.773
000779.SZ,20220303,10.76,10.78,10.18,10.64,10.77,-0.13,-1.2071,83524.23,88110.894
000779.SZ,20220302,10.62,10.78,10.46,10.77,10.76,0.01,0.0929,72615.6,77287.621
000779.SZ,20220301,10.7,10.87,10.63,10.76,10.7,0.06,0.5607,68968.31,74070.532
000779.SZ,20220228,11.03,11.22,10.51,10.7,11.0,-0.3,-2.7273,104872.65,112227.658
000779.SZ,20220225,11.05,11.59,10.88,11.0,10.83,0.17,1.5697,134190.19,150099.252
000779.SZ,20220224,11.63,11.84,10.72,10.83,11.91,-1.08,-9.068,204728.27,229606.405
000779.SZ,20220223,12.41,12.41,11.75,11.91,12.8,-0.89,-6.9531,254896.2,306505.223
000779.SZ,20220222,12.16,13.41,11.74,12.8,12.19,0.61,5.0041,412977.4,524106.368
000779.SZ,20220221,11.7,12.19,11.11,12.19,11.08,1.11,10.0181,128714.36,152467.191
000779.SZ,20220218,11.1,11.71,10.75,11.08,10.7,0.38,3.5514,186122.53,207737.186
000779.SZ,20220217,11.03,11.12,10.61,10.7,11.0,-0.3,-2.7273,114085.41,123168.468
000779.SZ,20220216,10.84,11.05,10.5,11.0,10.73,0.27,2.5163,129149.57,140362.635
000779.SZ,20220215,11.25,11.49,10.65,10.73,11.04,-0.31,-2.808,181595.65,200118.067
000779.SZ,20220214,10.45,11.52,10.34,11.04,10.47,0.57,5.4441,198190.2,221645.792
000779.SZ,20220211,10.3,10.72,10.29,10.47,10.54,-0.07,-0.6641,82921.39,87062.638
000779.SZ,20220210,10.4,10.82,10.33,10.54,10.41,0.13,1.2488,108627.63,114281.035
000779.SZ,20220209,10.44,10.52,10.15,10.41,10.62,-0.21,-1.9774,102196.8,106178.161
000779.SZ,20220208,10.13,10.67,10.1,10.62,10.14,0.48,4.7337,151302.8,156804.653
000779.SZ,20220207,9.28,10.14,9.28,10.14,9.22,0.92,9.9783,56748.3,55600.835
000779.SZ,20220128,9.23,9.41,9.19,9.22,9.15,0.07,0.765,29310.71,27209.17
000779.SZ,20220127,9.45,9.47,9.13,9.15,9.45,-0.3,-3.1746,40536.01,37559.063
000779.SZ,20220126,9.07,9.54,9.02,9.45,9.06,0.39,4.3046,59423.19,55588.626
000779.SZ,20220125,9.53,9.64,9.05,9.06,9.65,-0.59,-6.114,76005.11,70397.482
000779.SZ,20220124,9.62,9.95,9.61,9.65,9.78,-0.13,-1.3292,54213.39,52905.388
000779.SZ,20220121,10.2,10.2,9.75,9.78,10.32,-0.54,-5.2326,78733.71,78063.793
000779.SZ,20220120,10.55,10.65,10.16,10.32,10.8,-0.48,-4.4444,102808.36,107043.194
000779.SZ,20220119,10.27,10.8,10.11,10.8,10.67,0.13,1.2184,168970.28,177194.4
000779.SZ,20220118,9.87,10.89,9.6,10.67,10.04,0.63,6.2749,203263.66,207682.424
000779.SZ,20220117,10.42,10.54,9.62,10.04,10.58,-0.54,-5.104,150504.53,149761.654
000779.SZ,20220114,10.63,11.58,10.31,10.58,10.85,-0.27,-2.4885,236159.1,257754.439
000779.SZ,20220113,9.88,10.85,9.88,10.85,9.86,0.99,10.0406,104257.26,108884.604
000779.SZ,20220112,10.38,11.0,9.72,9.86,10.1,-0.24,-2.3762,204894.44,209798.796
000779.SZ,20220111,9.23,10.1,9.23,10.1,9.18,0.92,10.0218,93935.73,94323.301
000779.SZ,20220110,9.07,9.54,8.92,9.18,9.1,0.08,0.8791,31217.8,28759.554
000779.SZ,20220107,9.16,9.3,9.07,9.1,9.11,-0.01,-0.1098,22272.22,20433.78
000779.SZ,20220106,9.06,9.16,9.04,9.11,9.1,0.01,0.1099,15129.49,13795.104
000779.SZ,20220105,9.07,9.13,9.04,9.1,9.08,0.02,0.2203,17928.91,16286.18
000779.SZ,20220104,8.95,9.14,8.92,9.08,8.92,0.16,1.7937,26745.76,24206.149
000779.SZ,20211231,8.93,9.0,8.88,8.92,8.92,0.0,0.0,18239.88,16301.367
000779.SZ,20211230,8.87,8.95,8.85,8.92,8.9,0.02,0.2247,15938.47,14203.68
000779.SZ,20211229,8.86,8.93,8.8,8.9,8.86,0.04,0.4515,18284.06,16238.215
000779.SZ,20211228,8.82,8.9,8.76,8.86,8.88,-0.02,-0.2252,16354.33,14448.314
000779.SZ,20211227,8.74,8.91,8.74,8.88,8.76,0.12,1.3699,24937.66,22035.396
000779.SZ,20211224,8.95,8.99,8.71,8.76,8.96,-0.2,-2.2321,27506.16,24242.517
000779.SZ,20211223,8.95,9.1,8.82,8.96,8.96,0.0,0.0,47699.06,42788.578
000779.SZ,20211222,8.83,9.0,8.72,8.96,8.83,0.13,1.4723,34679.12,30741.434
000779.SZ,20211221,8.56,8.86,8.56,8.83,8.63,0.2,2.3175,26543.23,23288.633
000779.SZ,20211220,8.53,8.7,8.53,8.63,8.58,0.05,0.5828,14413.53,12435.164
000779.SZ,20211217,8.57,8.61,8.5,8.58,8.55,0.03,0.3509,12280.93,10518.954
000779.SZ,20211216,8.5,8.57,8.48,8.55,8.48,0.07,0.8255,15183.71,12960.621
000779.SZ,20211215,8.56,8.57,8.45,8.48,8.44,0.04,0.4739,14723.85,12510.72
000779.SZ,20211214,8.36,8.45,8.31,8.44,8.39,0.05,0.5959,13865.0,11663.939
000779.SZ,20211213,8.21,8.44,8.21,8.39,8.38,0.01,0.1193,12848.0,10737.188
000779.SZ,20211210,8.49,8.49,8.35,8.38,8.34,0.04,0.4796,10214.0,8602.647
000779.SZ,20211209,8.27,8.37,8.26,8.34,8.26,0.08,0.9685,18293.52,15212.135
000779.SZ,20211208,8.34,8.38,8.23,8.26,8.32,-0.06,-0.7212,16980.0,14079.769
000779.SZ,20211207,8.51,8.6,8.31,8.32,8.5,-0.18,-2.1176,17653.0,14811.483
000779.SZ,20211206,8.63,8.67,8.49,8.5,8.63,-0.13,-1.5064,10106.32,8644.84
000779.SZ,20211203,9.1,9.1,8.53,8.63,8.67,-0.04,-0.4614,22643.82,19770.066
000779.SZ,20211202,8.63,8.72,8.5,8.67,8.59,0.08,0.9313,14714.27,12708.111
000779.SZ,20211201,8.39,8.6,8.37,8.59,8.39,0.2,2.3838,14344.92,12212.435
000779.SZ,20211130,8.29,8.45,8.27,8.39,8.25,0.14,1.697,6755.0,5653.279
000779.SZ,20211129,8.26,8.38,8.22,8.25,8.38,-0.13,-1.5513,7535.0,6243.034
000779.SZ,20211126,8.46,8.46,8.35,8.38,8.44,-0.06,-0.7109,4637.0,3895.78
000779.SZ,20211125,8.5,8.5,8.44,8.44,8.5,-0.06,-0.7059,4815.76,4080.544
000779.SZ,20211124,8.45,8.52,8.4,8.5,8.45,0.05,0.5917,6880.0,5832.869
000779.SZ,20211123,8.47,8.47,8.38,8.45,8.45,0.0,0.0,5833.0,4908.45
000779.SZ,20211122,8.54,8.54,8.42,8.45,8.46,-0.01,-0.1182,3947.0,3344.188
000779.SZ,20211119,8.38,8.48,8.37,8.46,8.43,0.03,0.3559,4832.11,4073.191
000779.SZ,20211118,8.51,8.51,8.4,8.43,8.46,-0.03,-0.3546,5322.25,4496.281
000779.SZ,20211117,8.41,8.49,8.39,8.46,8.41,0.05,0.5945,4025.47,3399.738
000779.SZ,20211116,8.47,8.51,8.41,8.41,8.45,-0.04,-0.4734,5375.0,4542.46
000779.SZ,20211115,8.44,8.45,8.38,8.45,8.39,0.06,0.7151,5158.1,4345.798
000779.SZ,20211112,8.31,8.42,8.26,8.39,8.35,0.04,0.479,5960.0,4987.789
000779.SZ,20211111,8.3,8.36,8.28,8.35,8.31,0.04,0.4813,6785.83,5642.556
000779.SZ,20211110,8.16,8.31,8.14,8.31,8.17,0.14,1.7136,4426.0,3634.23
000779.SZ,20211109,8.16,8.22,8.13,8.17,8.16,0.01,0.1225,3617.0,2955.522
000779.SZ,20211108,8.0,8.29,8.0,8.16,8.26,-0.1,-1.2107,6177.0,5037.75
000779.SZ,20211105,8.46,8.46,8.26,8.26,8.39,-0.13,-1.5495,8895.0,7423.086
000779.SZ,20211104,7.87,8.5,7.87,8.39,8.38,0.01,0.1193,9832.35,8086.78
000779.SZ,20211103,8.57,8.57,8.28,8.38,8.24,0.14,1.699,15592.47,13204.788
000779.SZ,20211102,8.23,8.31,8.1,8.24,8.27,-0.03,-0.3628,5538.0,4549.76
000779.SZ,20211101,8.3,8.3,8.06,8.27,8.12,0.15,1.8473,4208.01,3457.017
000779.SZ,20211029,8.02,8.15,7.99,8.12,8.02,0.1,1.2469,4015.2,3240.142
000779.SZ,20211028,8.19,8.19,8.01,8.02,8.12,-0.1,-1.2315,4943.0,3979.487
000779.SZ,20211027,8.33,8.42,8.1,8.12,8.34,-0.22,-2.6379,8244.03,6746.965
000779.SZ,20211026,8.34,8.39,8.33,8.34,8.36,-0.02,-0.2392,4000.0,3344.74
000779.SZ,20211025,8.33,8.37,8.3,8.36,8.31,0.05,0.6017,2625.0,2185.944
000779.SZ,20211022,8.38,8.43,8.3,8.31,8.38,-0.07,-0.8353,4590.0,3835.326
000779.SZ,20211021,8.45,8.48,8.36,8.38,8.44,-0.06,-0.7109,6497.0,5446.415
000779.SZ,20211020,8.54,8.54,8.42,8.44,8.51,-0.07,-0.8226,3462.92,2931.272
000779.SZ,20211019,8.45,8.55,8.43,8.51,8.45,0.06,0.7101,3772.0,3209.268
000779.SZ,20211018,8.42,8.46,8.36,8.45,8.44,0.01,0.1185,2262.0,1904.737
000779.SZ,20211015,8.47,8.49,8.4,8.44,8.47,-0.03,-0.3542,3760.0,3174.006
000779.SZ,20211014,8.52,8.52,8.4,8.47,8.5,-0.03,-0.3529,3121.29,2638.334
000779.SZ,20211013,8.4,8.54,8.4,8.5,8.42,0.08,0.9501,4043.29,3427.861
000779.SZ,20211012,8.56,8.56,8.38,8.42,8.54,-0.12,-1.4052,5632.0,4762.269
000779.SZ,20211011,8.54,8.64,8.51,8.54,8.56,-0.02,-0.2336,5599.0,4785.572
000779.SZ,20211008,8.42,8.58,8.42,8.56,8.42,0.14,1.6627,5659.41,4823.297
000779.SZ,20210930,8.33,8.43,8.33,8.42,8.33,0.09,1.0804,4649.0,3904.169
000779.SZ,20210929,8.44,8.44,8.31,8.33,8.44,-0.11,-1.3033,4866.0,4061.594
000779.SZ,20210928,8.36,8.44,8.33,8.44,8.38,0.06,0.716,5415.41,4543.459
000779.SZ,20210927,8.57,8.64,8.32,8.38,8.57,-0.19,-2.217,14038.0,11837.298
000779.SZ,20210924,8.77,8.79,8.57,8.57,8.78,-0.21,-2.3918,9710.46,8404.5
000779.SZ,20210923,8.67,8.81,8.67,8.78,8.67,0.11,1.2687,10960.0,9612.68
000779.SZ,20210922,8.56,8.69,8.53,8.67,8.65,0.02,0.2312,8096.26,6979.845
000779.SZ,20210917,8.68,8.76,8.5,8.65,8.67,-0.02,-0.2307,13464.2,11613.043
000779.SZ,20210916,8.77,8.87,8.66,8.67,8.77,-0.1,-1.1403,12180.0,10672.61
000779.SZ,20210915,8.72,8.8,8.64,8.77,8.72,0.05,0.5734,12433.25,10862.406
000779.SZ,20210914,8.99,9.0,8.71,8.72,9.0,-0.28,-3.1111,23153.0,20537.368
000779.SZ,20210913,9.0,9.07,8.93,9.0,9.0,0.0,0.0,16413.0,14756.943
000779.SZ,20210910,9.05,9.18,9.0,9.0,9.02,-0.02,-0.2217,28823.0,26172.294
000779.SZ,20210909,9.09,9.17,9.0,9.02,9.1,-0.08,-0.8791,28776.0,26120.866
000779.SZ,20210908,9.1,9.17,9.09,9.1,9.13,-0.03,-0.3286,24098.5,21984.701
000779.SZ,20210907,9.12,9.17,9.07,9.13,9.12,0.01,0.1096,14703.0,13398.972
000779.SZ,20210906,9.14,9.17,9.0,9.12,9.1,0.02,0.2198,21297.67,19347.222
000779.SZ,20210903,9.17,9.24,9.08,9.1,9.18,-0.08,-0.8715,24006.85,21977.417
000779.SZ,20210902,9.18,9.25,9.09,9.18,9.18,0.0,0.0,18449.92,16922.618
000779.SZ,20210901,9.1,9.34,9.0,9.18,9.18,0.0,0.0,30869.49,28299.911
000779.SZ,20210831,9.43,9.43,8.98,9.18,9.44,-0.26,-2.7542,30051.41,27424.217
000779.SZ,20210830,9.29,9.98,9.18,9.44,9.42,0.02,0.2123,69907.06,66047.031
000779.SZ,20210827,8.82,9.45,8.82,9.42,8.91,0.51,5.7239,48317.62,44489.594
000779.SZ,20210826,8.9,8.92,8.82,8.91,8.9,0.01,0.1124,6725.84,5978.817
000779.SZ,20210825,8.82,8.9,8.8,8.9,8.87,0.03,0.3382,8859.12,7851.306
000779.SZ,20210824,8.76,8.87,8.7,8.87,8.77,0.1,1.1403,13729.01,12074.582
000779.SZ,20210823,8.61,8.78,8.6,8.77,8.64,0.13,1.5046,8766.51,7647.103
000779.SZ,20210820,8.72,8.73,8.6,8.64,8.69,-0.05,-0.5754,7692.0,6641.804
000779.SZ,20210819,8.49,8.74,8.45,8.69,8.57,0.12,1.4002,12817.5,11048.698
000779.SZ,20210818,8.62,8.62,8.46,8.57,8.43,0.14,1.6607,6166.0,5261.408
000779.SZ,20210817,8.61,8.64,8.4,8.43,8.58,-0.15,-1.7483,7155.5,6111.019
000779.SZ,20210816,8.62,8.68,8.56,8.58,8.6,-0.02,-0.2326,5694.12,4899.71
000779.SZ,20210813,8.58,8.65,8.56,8.6,8.61,-0.01,-0.1161,3221.12,2765.243
000779.SZ,20210812,8.67,8.67,8.6,8.61,8.66,-0.05,-0.5774,4013.02,3459.649
000779.SZ,20210811,8.65,8.69,8.61,8.66,8.69,-0.03,-0.3452,5403.55,4668.533
000779.SZ,20210810,8.64,8.72,8.61,8.69,8.71,-0.02,-0.2296,5933.5,5139.81
000779.SZ,20210809,8.65,8.79,8.62,8.71,8.7,0.01,0.1149,8146.0,7088.62
000779.SZ,20210806,8.46,8.95,8.41,8.7,8.46,0.24,2.8369,27416.5,23984.652
000779.SZ,20210805,8.48,8.55,8.44,8.46,8.51,-0.05,-0.5875,4878.0,4144.789
000779.SZ,20210804,8.53,8.6,8.47,8.51,8.54,-0.03,-0.3513,4760.0,4052.209
000779.SZ,20210803,8.46,8.6,8.46,8.54,8.52,0.02,0.2347,5483.02,4680.002
000779.SZ,20210802,8.4,8.57,8.31,8.52,8.4,0.12,1.4286,5139.0,4348.112
000779.SZ,20210730,8.38,8.41,8.25,8.4,8.31,0.09,1.083,5328.0,4439.415
000779.SZ,20210729,8.35,8.38,8.26,8.31,8.27,0.04,0.4837,6325.02,5252.859
000779.SZ,20210728,8.5,8.51,8.23,8.27,8.5,-0.23,-2.7059,8188.0,6797.52
000779.SZ,20210727,8.54,8.6,8.47,8.5,8.57,-0.07,-0.8168,4985.0,4247.19
000779.SZ,20210726,8.63,8.65,8.48,8.57,8.69,-0.12,-1.3809,8687.0,7418.317
000779.SZ,20210723,8.78,8.78,8.65,8.69,8.75,-0.06,-0.6857,5288.51,4590.522
000779.SZ,20210722,8.69,8.77,8.65,8.75,8.75,0.0,0.0,7128.01,6211.883
000779.SZ,20210721,8.87,8.91,8.7,8.75,8.81,-0.06,-0.681,11482.0,10081.144
000779.SZ,20210720,8.82,8.92,8.66,8.81,8.82,-0.01,-0.1134,6840.51,5998.722
000779.SZ,20210719,8.75,8.87,8.58,8.82,8.8,0.02,0.2273,9702.52,8432.034
000779.SZ,20210716,8.87,8.93,8.77,8.8,8.88,-0.08,-0.9009,8320.63,7348.256
000779.SZ,20210715,8.97,9.07,8.81,8.88,8.98,-0.1,-1.1136,10438.15,9267.617
000779.SZ,20210714,9.09,9.09,8.93,8.98,9.08,-0.1,-1.1013,4967.0,4466.391
000779.SZ,20210713,9.08,9.13,9.02,9.08,9.08,0.0,0.0,5564.0,5034.999
000779.SZ,20210712,9.01,9.14,9.01,9.08,9.0,0.08,0.8889,5129.0,4657.241
000779.SZ,20210709,8.92,9.01,8.87,9.0,8.96,0.04,0.4464,5635.41,5027.473
000779.SZ,20210708,9.08,9.08,8.91,8.96,9.04,-0.08,-0.885,6217.0,5573.195
000779.SZ,20210707,9.1,9.1,8.98,9.04,9.06,-0.02,-0.2208,3849.0,3468.358
000779.SZ,20210706,9.04,9.11,8.99,9.06,9.04,0.02,0.2212,5080.0,4594.107
000779.SZ,20210705,8.96,9.08,8.88,9.04,8.9,0.14,1.573,6913.0,6199.997
000779.SZ,20210702,9.13,9.16,8.86,8.9,9.13,-0.23,-2.5192,12846.0,11546.412
000779.SZ,20210701,9.43,9.43,9.1,9.13,9.15,-0.02,-0.2186,7293.0,6711.167
000779.SZ,20210630,9.12,9.19,9.1,9.15,9.15,0.0,0.0,8413.96,7675.429
000779.SZ,20210629,9.23,9.24,9.14,9.15,9.29,-0.14,-1.507,9380.0,8602.918
000779.SZ,20210628,9.39,9.4,9.26,9.29,9.48,-0.19,-2.0042,15394.23,14330.091
000779.SZ,20210625,9.44,9.66,9.24,9.48,9.23,0.25,2.7086,31111.23,29580.085
000779.SZ,20210624,9.17,9.24,9.13,9.23,9.17,0.06,0.6543,6551.95,6024.756
000779.SZ,20210623,9.19,9.24,9.14,9.17,9.22,-0.05,-0.5423,4186.0,3841.332
000779.SZ,20210622,9.15,9.26,9.11,9.22,9.15,0.07,0.765,5980.62,5494.685
000779.SZ,20210621,9.12,9.21,9.12,9.15,9.16,-0.01,-0.1092,3158.0,2888.85
000779.SZ,20210618,9.16,9.21,9.09,9.16,9.2,-0.04,-0.4348,3138.0,2867.64
000779.SZ,20210617,9.16,9.24,9.09,9.2,9.22,-0.02,-0.2169,5775.0,5291.293
000779.SZ,20210616,9.33,9.33,9.15,9.22,9.33,-0.11,-1.179,5762.38,5306.035
000779.SZ,20210615,9.36,9.43,9.21,9.33,9.28,0.05,0.5388,8903.09,8283.336
000779.SZ,20210611,9.26,9.29,9.21,9.28,9.23,0.05,0.5417,4898.0,4539.923
000779.SZ,20210610,9.22,9.25,9.18,9.23,9.22,0.01,0.1085,3531.0,3258.291
000779.SZ,20210609,9.2,9.24,9.17,9.22,9.2,0.02,0.2174,3644.82,3352.705
000779.SZ,20210608,9.15,9.2,9.13,9.2,9.18,0.02,0.2179,4839.62,4440.777
000779.SZ,20210607,9.16,9.2,9.13,9.18,9.12,0.06,0.6579,4430.02,4057.015
000779.SZ,20210604,9.12,9.16,9.1,9.12,9.1,0.02,0.2198,5231.0,4774.05
000779.SZ,20210603,9.41,9.42,9.29,9.3,9.41,-0.11,-1.169,8959.46,8362.07
000779.SZ,20210602,9.44,9.47,9.33,9.41,9.43,-0.02,-0.2121,8023.99,7519.706
000779.SZ,20210601,9.38,9.43,9.29,9.43,9.37,0.06,0.6403,7122.7,6665.681
000779.SZ,20210531,9.27,9.39,9.27,9.37,9.27,0.1,1.0787,8186.0,7656.767
000779.SZ,20210528,9.33,9.34,9.24,9.27,9.27,0.0,0.0,5325.0,4940.813
000779.SZ,20210527,9.35,9.36,9.24,9.27,9.31,-0.04,-0.4296,7532.0,7001.355
000779.SZ,20210526,9.36,9.48,9.28,9.31,9.25,0.06,0.6486,8598.82,8029.091
000779.SZ,20210525,9.23,9.27,9.21,9.25,9.23,0.02,0.2167,5584.0,5158.754
000779.SZ,20210524,9.2,9.29,9.19,9.23,9.2,0.03,0.3261,4354.0,4024.005
000779.SZ,20210521,9.22,9.24,9.18,9.2,9.21,-0.01,-0.1086,5360.0,4934.434
000779.SZ,20210520,9.27,9.3,9.18,9.21,9.26,-0.05,-0.54,4763.0,4388.251
000779.SZ,20210519,9.27,9.36,9.22,9.26,9.29,-0.03,-0.3229,4171.0,3871.146
000779.SZ,20210518,9.27,9.29,9.2,9.29,9.28,0.01,0.1078,4722.0,4360.969
000779.SZ,20210517,9.36,9.43,9.28,9.28,9.41,-0.13,-1.3815,6453.84,6024.756
000779.SZ,20210514,9.33,9.41,9.29,9.41,9.38,0.03,0.3198,7934.81,7432.513
000779.SZ,20210513,9.78,9.78,9.32,9.38,9.29,0.09,0.9688,12263.01,11608.62
000779.SZ,20210512,9.16,9.3,9.16,9.29,9.21,0.08,0.8686,4728.02,4372.371
000779.SZ,20210511,9.26,9.26,9.1,9.21,9.26,-0.05,-0.54,8478.71,7775.004
000779.SZ,20210510,9.28,9.37,9.25,9.26,9.29,-0.03,-0.3229,5985.0,5558.254
000779.SZ,20210507,9.38,9.41,9.28,9.29,9.39,-0.1,-1.065,7720.7,7201.502
000779.SZ,20210506,9.42,9.47,9.37,9.39,9.42,-0.03,-0.3185,6567.0,6180.437
000779.SZ,20210430,9.44,9.49,9.36,9.42,9.48,-0.06,-0.6329,9220.0,8691.765
000779.SZ,20210429,9.73,9.86,9.48,9.48,9.91,-0.43,-4.3391,21477.42,20597.47
000779.SZ,20210428,9.75,9.95,9.6,9.91,9.73,0.18,1.8499,12230.01,11959.169
000779.SZ,20210427,9.89,9.95,9.64,9.73,9.96,-0.23,-2.3092,15664.7,15290.707
000779.SZ,20210426,9.99,10.22,9.88,9.96,10.1,-0.14,-1.3861,20425.02,20459.417
000779.SZ,20210423,9.73,10.45,9.57,10.1,9.62,0.48,4.9896,56506.35,57161.032
000779.SZ,20210422,9.58,9.63,9.53,9.62,9.56,0.06,0.6276,7431.0,7116.409
000779.SZ,20210421,9.67,9.69,9.55,9.56,9.71,-0.15,-1.5448,8977.7,8611.91
000779.SZ,20210420,9.73,9.84,9.7,9.71,9.75,-0.04,-0.4103,13549.0,13224.756
000779.SZ,20210419,9.76,9.83,9.73,9.75,9.84,-0.09,-0.9146,12834.05,12535.556
000779.SZ,20210416,9.49,9.85,9.49,9.84,9.48,0.36,3.7975,27534.71,26801.368
000779.SZ,20210415,9.4,9.53,9.31,9.48,9.4,0.08,0.8511,9843.0,9309.77
000779.SZ,20210414,9.41,9.42,9.31,9.4,9.35,0.05,0.5348,8033.0,7528.626
000779.SZ,20210413,9.7,9.7,9.3,9.35,9.28,0.07,0.7543,9471.01,8923.116
000779.SZ,20210412,9.34,9.35,9.28,9.28,9.3,-0.02,-0.2151,4633.0,4312.145
000779.SZ,20210409,9.3,9.38,9.28,9.3,9.3,0.0,0.0,4833.0,4505.507
000779.SZ,20210408,9.31,9.38,9.27,9.3,9.31,-0.01,-0.1074,5604.01,5227.406
000779.SZ,20210407,9.26,9.35,9.2,9.31,9.26,0.05,0.54,4875.01,4520.891
000779.SZ,20210406,9.29,9.29,9.23,9.26,9.26,0.0,0.0,4683.81,4334.505
000779.SZ,20210402,9.39,9.39,9.26,9.26,9.39,-0.13,-1.3845,6926.71,6447.408
000779.SZ,20210401,9.33,9.41,9.33,9.39,9.41,-0.02,-0.2125,5894.87,5513.349
000779.SZ,20210331,9.48,9.48,9.11,9.41,9.42,-0.01,-0.1062,8758.0,8163.958
000779.SZ,20210330,9.44,9.44,9.33,9.42,9.44,-0.02,-0.2119,6796.0,6366.405
000779.SZ,20210329,9.47,9.47,9.38,9.44,9.46,-0.02,-0.2114,2879.0,2708.081
000779.SZ,20210326,9.39,9.46,9.36,9.46,9.39,0.07,0.7455,5174.39,4871.218
000779.SZ,20210325,9.49,9.49,9.39,9.39,9.52,-0.13,-1.3655,4195.0,3954.385
000779.SZ,20210324,9.41,9.52,9.33,9.52,9.4,0.12,1.2766,9527.22,8959.138
000779.SZ,20210323,9.53,9.59,9.38,9.4,9.6,-0.2,-2.0833,8231.99,7766.268
000779.SZ,20210322,9.5,9.6,9.4,9.6,9.48,0.12,1.2658,10140.82,9646.644
000779.SZ,20210319,9.42,9.48,9.35,9.48,9.44,0.04,0.4237,5981.7,5632.933
000779.SZ,20210318,9.5,9.5,9.38,9.44,9.5,-0.06,-0.6316,5802.7,5471.419
000779.SZ,20210317,9.53,9.54,9.4,9.5,9.56,-0.06,-0.6276,8488.95,8046.98
000779.SZ,20210316,9.38,9.56,9.32,9.56,9.48,0.08,0.8439,12683.0,11964.385
000779.SZ,20210315,9.66,9.73,9.38,9.48,9.27,0.21,2.2654,16069.25,15231.344
000779.SZ,20210312,9.26,9.34,9.23,9.27,9.32,-0.05,-0.5365,4822.0,4471.169
000779.SZ,20210311,9.26,9.33,9.18,9.32,9.23,0.09,0.9751,4341.26,4027.884
000779.SZ,20210310,9.36,9.36,9.22,9.23,9.39,-0.16,-1.7039,5033.0,4659.147
000779.SZ,20210309,9.42,9.54,9.15,9.39,9.44,-0.05,-0.5297,9028.21,8447.342
000779.SZ,20210308,9.47,9.47,9.27,9.44,9.38,0.06,0.6397,7950.0,7448.382
000779.SZ,20210305,9.28,9.4,9.25,9.38,9.27,0.11,1.1866,6493.5,6057.104
000779.SZ,20210304,9.37,9.45,9.26,9.27,9.45,-0.18,-1.9048,7250.0,6769.976
000779.SZ,20210303,9.29,9.45,9.23,9.45,9.28,0.17,1.8319,7491.0,6987.223
000779.SZ,20210302,9.37,9.37,9.16,9.28,9.32,-0.04,-0.4292,6195.25,5744.535
000779.SZ,20210301,9.2,9.35,9.2,9.32,9.19,0.13,1.4146,5773.0,5372.713
000779.SZ,20210226,9.22,9.28,9.08,9.19,9.27,-0.08,-0.863,6399.5,5889.688
000779.SZ,20210225,9.66,9.66,9.26,9.27,9.23,0.04,0.4334,8185.26,7649.291
000779.SZ,20210224,9.21,9.29,9.16,9.23,9.21,0.02,0.2172,5263.0,4864.969
000779.SZ,20210223,9.32,9.39,9.2,9.21,9.37,-0.16,-1.7076,7705.07,7160.204
000779.SZ,20210222,9.16,9.46,9.13,9.37,9.17,0.2,2.181,14985.72,13992.158
000779.SZ,20210219,9.3,9.3,9.0,9.17,8.89,0.28,3.1496,9061.0,8290.164
000779.SZ,20210218,8.73,8.96,8.73,8.89,8.7,0.19,2.1839,5990.0,5308.808
000779.SZ,20210210,8.69,8.73,8.55,8.7,8.7,0.0,0.0,7710.0,6678.21
000779.SZ,20210209,8.64,8.73,8.55,8.7,8.63,0.07,0.8111,5018.0,4351.462
000779.SZ,20210208,8.8,8.84,8.53,8.63,8.7,-0.07,-0.8046,7133.0,6166.539
000779.SZ,20210205,8.77,8.9,8.7,8.7,8.77,-0.07,-0.7982,4731.0,4146.447
000779.SZ,20210204,8.95,8.97,8.31,8.77,9.0,-0.23,-2.5556,10216.01,8973.859
000779.SZ,20210203,9.22,9.22,8.95,9.0,9.14,-0.14,-1.5317,5950.0,5370.893
000779.SZ,20210202,9.19,9.24,9.08,9.14,9.19,-0.05,-0.5441,3226.0,2952.925
000779.SZ,20210201,9.15,9.27,8.95,9.19,9.15,0.04,0.4372,5215.0,4766.481
000779.SZ,20210129,9.2,9.2,9.0,9.15,9.2,-0.05,-0.5435,6441.42,5855.36
000779.SZ,20210128,9.18,9.31,9.1,9.2,9.14,0.06,0.6565,10411.0,9614.074
000779.SZ,20210127,9.14,9.2,9.02,9.14,9.14,0.0,0.0,3678.42,3359.519
000779.SZ,20210126,9.36,9.37,9.11,9.14,9.29,-0.15,-1.6146,7682.0,7076.244
000779.SZ,20210125,9.3,9.47,9.19,9.29,9.34,-0.05,-0.5353,8485.0,7911.885
000779.SZ,20210122,9.47,9.48,9.31,9.34,9.48,-0.14,-1.4768,7196.0,6727.866
000779.SZ,20210121,9.25,9.61,9.19,9.48,9.22,0.26,2.82,17257.0,16243.701
000779.SZ,20210120,9.25,9.28,9.19,9.22,9.26,-0.04,-0.432,5905.0,5459.386
000779.SZ,20210119,9.3,9.37,9.25,9.26,9.38,-0.12,-1.2793,9594.42,8914.565
000779.SZ,20210118,9.2,9.39,9.2,9.38,9.28,0.1,1.0776,6927.66,6469.803
000779.SZ,20210115,9.47,9.5,9.22,9.28,9.46,-0.18,-1.9027,10835.0,10125.995
000779.SZ,20210114,9.04,9.54,8.93,9.46,8.99,0.47,5.228,23036.0,21553.174
000779.SZ,20210113,9.09,9.14,8.94,8.99,9.05,-0.06,-0.663,7050.2,6347.932
000779.SZ,20210112,8.98,9.11,8.91,9.05,8.99,0.06,0.6674,6739.0,6094.086
000779.SZ,20210111,9.18,9.24,8.99,8.99,9.16,-0.17,-1.8559,6888.13,6253.728
000779.SZ,20210108,9.08,9.22,8.88,9.16,9.13,0.03,0.3286,13242.65,12005.62
000779.SZ,20210107,9.49,9.49,9.05,9.13,9.45,-0.32,-3.3862,18133.94,16641.69
000779.SZ,20210106,9.56,9.6,9.42,9.45,9.55,-0.1,-1.0471,11437.0,10834.582
000779.SZ,20210105,9.63,9.63,9.52,9.55,9.62,-0.07,-0.7277,10731.01,10251.965
000779.SZ,20210104,9.58,9.65,9.52,9.62,9.53,0.09,0.9444,12279.0,11772.813
000779.SZ,20201231,9.47,9.6,9.47,9.53,9.47,0.06,0.6336,9211.2,8795.334
000779.SZ,20201230,9.61,9.61,9.47,9.47,9.58,-0.11,-1.1482,12353.0,11762.067
000779.SZ,20201229,9.47,9.65,9.47,9.58,9.57,0.01,0.1045,10151.0,9703.082
000779.SZ,20201228,9.7,9.7,9.51,9.57,9.72,-0.15,-1.5432,11682.15,11170.61
000779.SZ,20201225,9.51,9.76,9.51,9.72,9.62,0.1,1.0395,17140.94,16613.387
000779.SZ,20201224,9.65,9.76,9.44,9.62,9.63,-0.01,-0.1038,22168.72,21161.225
000779.SZ,20201223,9.83,9.91,9.55,9.63,9.83,-0.2,-2.0346,43352.96,42090.234
000779.SZ,20201222,10.14,10.14,9.78,9.83,10.16,-0.33,-3.248,40637.01,40331.5
000779.SZ,20201221,10.07,10.23,9.95,10.16,10.16,0.0,0.0,29296.01,29549.074
000779.SZ,20201218,10.16,10.29,10.14,10.16,10.2,-0.04,-0.3922,29498.0,30086.025
000779.SZ,20201217,10.4,10.47,10.03,10.2,10.68,-0.48,-4.4944,57074.01,58248.572
000779.SZ,20201216,10.58,10.78,10.38,10.68,10.59,0.09,0.8499,63079.17,66737.41
000779.SZ,20201215,11.25,11.26,10.53,10.59,11.26,-0.67,-5.9503,86252.41,92849.953
000779.SZ,20201214,11.1,11.88,11.01,11.26,11.0,0.26,2.3636,145425.0,164799.28
000779.SZ,20201211,10.64,11.0,10.64,11.0,10.0,1.0,10.0,84599.7,92619.622
000779.SZ,20201210,9.91,10.01,9.9,10.0,9.96,0.04,0.4016,4320.0,4312.701
000779.SZ,20201209,10.05,10.13,9.94,9.96,10.04,-0.08,-0.7968,7377.0,7381.957
000779.SZ,20201208,10.15,10.16,10.03,10.04,10.09,-0.05,-0.4955,5049.0,5089.147
000779.SZ,20201207,10.18,10.2,10.08,10.09,10.17,-0.08,-0.7866,6559.93,6632.085
000779.SZ,20201204,10.16,10.19,10.11,10.17,10.17,0.0,0.0,5574.0,5657.246
000779.SZ,20201203,10.25,10.27,10.11,10.17,10.28,-0.11,-1.07,8953.0,9107.886
000779.SZ,20201202,10.26,10.3,10.2,10.28,10.21,0.07,0.6856,9198.0,9428.91
000779.SZ,20201201,10.13,10.25,10.08,10.21,10.14,0.07,0.6903,7416.2,7549.303
000779.SZ,20201130,10.14,10.24,10.13,10.14,10.19,-0.05,-0.4907,15389.19,15667.564
000779.SZ,20201127,10.25,10.39,10.15,10.19,10.22,-0.03,-0.2935,10095.4,10319.597
000779.SZ,20201126,10.24,10.38,10.19,10.22,10.28,-0.06,-0.5837,6807.01,6971.241
000779.SZ,20201125,10.47,10.52,10.21,10.28,10.42,-0.14,-1.3436,7283.0,7560.454
000779.SZ,20201124,10.49,10.53,10.39,10.42,10.5,-0.08,-0.7619,10384.0,10836.358
000779.SZ,20201123,10.56,10.57,10.42,10.5,10.48,0.02,0.1908,8472.95,8899.025
000779.SZ,20201120,10.5,10.53,10.37,10.48,10.5,-0.02,-0.1905,10518.0,10985.651
000779.SZ,20201119,10.44,10.57,10.44,10.5,10.5,0.0,0.0,5637.41,5919.118
000779.SZ,20201118,10.38,10.65,10.33,10.5,10.32,0.18,1.7442,16055.2,16887.853
000779.SZ,20201117,10.4,10.42,10.28,10.32,10.4,-0.08,-0.7692,6868.71,7094.544
000779.SZ,20201116,10.29,10.45,10.27,10.4,10.28,0.12,1.1673,10179.0,10533.494
000779.SZ,20201113,10.46,10.47,10.27,10.28,10.51,-0.23,-2.1884,9130.0,9434.887
000779.SZ,20201112,10.58,10.58,10.43,10.51,10.48,0.03,0.2863,7247.01,7608.326
000779.SZ,20201111,10.49,10.57,10.39,10.48,10.38,0.1,0.9634,10737.0,11276.925
000779.SZ,20201110,10.62,10.62,10.37,10.38,10.54,-0.16,-1.518,9746.1,10193.711
000779.SZ,20201109,10.4,10.62,10.38,10.54,10.37,0.17,1.6393,12624.1,13319.249
000779.SZ,20201106,10.49,10.5,10.31,10.37,10.48,-0.11,-1.0496,6580.0,6830.026
000779.SZ,20201105,10.48,10.56,10.44,10.48,10.41,0.07,0.6724,5442.0,5705.137
000779.SZ,20201104,10.58,10.65,10.39,10.41,10.58,-0.17,-1.6068,8239.0,8620.814
000779.SZ,20201103,10.28,10.64,10.0,10.58,10.11,0.47,4.6489,18388.69,19258.574
000779.SZ,20201102,10.18,10.28,10.0,10.11,10.18,-0.07,-0.6876,8302.01,8398.731
000779.SZ,20201030,10.38,10.47,10.16,10.18,10.38,-0.2,-1.9268,9062.0,9345.883
000779.SZ,20201029,10.42,10.48,10.3,10.38,10.43,-0.05,-0.4794,6318.13,6574.394
000779.SZ,20201028,10.34,10.6,10.22,10.43,10.25,0.18,1.7561,10460.01,10923.43
000779.SZ,20201027,10.19,10.66,9.9,10.25,10.19,0.06,0.5888,5693.01,5834.946
000779.SZ,20201026,10.2,10.34,10.08,10.19,10.21,-0.02,-0.1959,7096.01,7231.279
000779.SZ,20201023,10.47,10.54,10.21,10.21,10.46,-0.25,-2.3901,10764.01,11156.764
000779.SZ,20201022,10.52,10.55,10.4,10.46,10.5,-0.04,-0.381,5258.41,5505.529
000779.SZ,20201021,10.71,10.71,10.46,10.5,10.71,-0.21,-1.9608,10770.4,11354.777
000779.SZ,20201020,10.77,10.79,10.65,10.71,10.74,-0.03,-0.2793,10832.0,11588.865
000779.SZ,20201019,10.9,10.9,10.65,10.74,10.78,-0.04,-0.3711,7402.81,7980.128
000779.SZ,20201016,10.79,10.91,10.72,10.78,10.8,-0.02,-0.1852,6258.1,6771.78
000779.SZ,20201015,10.75,10.93,10.57,10.8,10.71,0.09,0.8403,11047.0,11856.56
000779.SZ,20201014,10.86,10.87,10.7,10.71,10.89,-0.18,-1.6529,7133.0,7663.984
000779.SZ,20201013,11.0,11.0,10.81,10.89,10.94,-0.05,-0.457,6636.0,7218.36
000779.SZ,20201012,10.9,10.98,10.82,10.94,10.78,0.16,1.4842,14526.21,15864.559
000779.SZ,20201009,10.79,10.91,10.78,10.78,10.69,0.09,0.8419,6686.0,7255.032
000779.SZ,20200930,10.72,10.82,10.65,10.69,10.72,-0.03,-0.2799,4936.99,5290.739
000779.SZ,20200929,10.71,10.9,10.63,10.72,10.6,0.12,1.1321,8584.0,9247.507
000779.SZ,20200928,10.52,10.85,10.52,10.6,10.48,0.12,1.145,10930.2,11648.914
000779.SZ,20200925,10.47,10.59,10.35,10.48,10.46,0.02,0.1912,5977.25,6253.531
000779.SZ,20200924,10.64,10.72,10.46,10.46,10.63,-0.17,-1.5992,7933.0,8375.912
000779.SZ,20200923,10.65,10.77,10.6,10.63,10.6,0.03,0.283,4826.0,5136.08
000779.SZ,20200922,10.76,10.82,10.6,10.6,10.8,-0.2,-1.8519,6911.0,7396.722
000779.SZ,20200921,10.94,10.95,10.78,10.8,10.89,-0.09,-0.8264,5081.0,5503.554
000779.SZ,20200918,10.78,10.91,10.66,10.89,10.7,0.19,1.7757,9566.99,10363.816
000779.SZ,20200917,10.7,10.74,10.55,10.7,10.67,0.03,0.2812,6610.25,7055.071
000779.SZ,20200916,10.62,10.78,10.58,10.67,10.68,-0.01,-0.0936,6348.0,6761.429
000779.SZ,20200915,10.71,10.78,10.6,10.68,10.74,-0.06,-0.5587,6386.0,6809.358
000779.SZ,20200914,10.79,10.87,10.66,10.74,10.78,-0.04,-0.3711,8365.5,9000.155
000779.SZ,20200911,10.48,10.85,10.47,10.78,10.56,0.22,2.0833,9953.2,10594.823
000779.SZ,20200910,11.02,11.09,10.56,10.56,10.93,-0.37,-3.3852,20278.71,21862.786
000779.SZ,20200909,11.21,11.25,10.91,10.93,11.25,-0.32,-2.8444,19864.0,22054.451
000779.SZ,20200908,11.17,11.33,11.08,11.25,11.17,0.08,0.7162,11660.28,13051.418
000779.SZ,20200907,11.47,11.49,11.14,11.17,11.44,-0.27,-2.3601,14921.0,16873.203
000779.SZ,20200904,11.17,11.49,10.91,11.44,11.24,0.2,1.7794,20768.0,23355.892
000779.SZ,20200903,11.37,11.37,11.11,11.24,11.38,-0.14,-1.2302,18558.1,20849.884
000779.SZ,20200902,11.5,11.55,11.32,11.38,11.44,-0.06,-0.5245,17566.0,20032.141
000779.SZ,20200901,11.55,11.58,11.36,11.44,11.54,-0.1,-0.8666,16200.0,18512.582
000779.SZ,20200831,11.65,11.72,11.53,11.54,11.6,-0.06,-0.5172,21407.0,24885.789
000779.SZ,20200828,11.48,11.65,11.47,11.6,11.46,0.14,1.2216,16732.86,19342.339
000779.SZ,20200827,11.36,11.56,11.21,11.46,11.45,0.01,0.0873,19010.25,21692.265
000779.SZ,20200826,11.45,11.65,11.35,11.45,11.52,-0.07,-0.6076,26503.0,30423.617
000779.SZ,20200825,11.56,11.66,11.5,11.52,11.66,-0.14,-1.2007,25908.93,29960.466
000779.SZ,20200824,11.88,11.89,11.53,11.66,11.82,-0.16,-1.3536,39349.0,45898.62
000779.SZ,20200821,11.58,12.19,11.58,11.82,11.42,0.4,3.5026,67293.9,80224.532
000779.SZ,20200820,11.78,11.78,11.35,11.42,12.09,-0.67,-5.5418,63135.92,72747.954
000779.SZ,20200819,12.0,12.33,11.8,12.09,11.99,0.1,0.834,63239.51,76297.446
000779.SZ,20200818,11.8,12.09,11.7,11.99,11.79,0.2,1.6964,44489.36,52875.057
000779.SZ,20200817,11.71,11.85,11.67,11.79,11.72,0.07,0.5973,48969.01,57659.882
000779.SZ,20200814,11.42,11.74,11.27,11.72,11.53,0.19,1.6479,45406.5,52327.11
000779.SZ,20200813,11.4,11.88,11.4,11.53,11.19,0.34,3.0384,60906.0,70952.012
000779.SZ,20200812,11.34,11.43,11.01,11.19,11.36,-0.17,-1.4965,29646.0,33239.443
000779.SZ,20200811,11.53,11.72,11.33,11.36,11.5,-0.14,-1.2174,43553.16,50302.657
000779.SZ,20200810,11.13,11.57,11.11,11.5,11.1,0.4,3.6036,42352.49,48436.803
000779.SZ,20200807,11.29,11.29,11.0,11.1,11.26,-0.16,-1.421,19927.02,22105.466
000779.SZ,20200806,11.36,11.38,11.11,11.26,11.36,-0.1,-0.8803,19635.0,22099.277
000779.SZ,20200805,11.41,11.42,11.24,11.36,11.43,-0.07,-0.6124,22013.01,24946.07
000779.SZ,20200804,11.35,11.52,11.2,11.43,11.35,0.08,0.7048,30345.0,34501.708
000779.SZ,20200803,11.33,11.38,11.17,11.35,11.14,0.21,1.8851,27566.0,31088.872
000779.SZ,20200731,11.05,11.16,10.93,11.14,11.05,0.09,0.8145,18332.02,20314.055
000779.SZ,20200730,11.06,11.15,10.98,11.05,11.06,-0.01,-0.0904,19908.86,22019.873
000779.SZ,20200729,10.87,11.08,10.73,11.06,10.87,0.19,1.7479,19645.5,21482.635
000779.SZ,20200728,10.78,10.93,10.7,10.87,10.72,0.15,1.3993,14449.5,15631.648
000779.SZ,20200727,10.9,11.1,10.58,10.72,10.91,-0.19,-1.7415,23814.0,25621.57
000779.SZ,20200724,11.36,11.36,10.91,10.91,11.34,-0.43,-3.7919,30015.0,33291.388
000779.SZ,20200723,11.31,11.44,11.03,11.34,11.38,-0.04,-0.3515,35813.79,40207.833
000779.SZ,20200722,11.38,11.5,11.27,11.38,11.38,0.0,0.0,29810.5,34029.78
000779.SZ,20200721,11.49,11.52,11.3,11.38,11.5,-0.12,-1.0435,24866.0,28313.343
000779.SZ,20200720,11.31,11.5,11.26,11.5,11.19,0.31,2.7703,32280.0,36856.036
000779.SZ,20200717,11.1,11.29,11.01,11.19,11.0,0.19,1.7273,36826.01,41137.351
000779.SZ,20200716,11.61,11.61,11.0,11.0,11.48,-0.48,-4.1812,47338.16,53505.736
000779.SZ,20200715,11.85,11.97,11.48,11.48,11.83,-0.35,-2.9586,53539.01,62356.49
000779.SZ,20200714,12.13,12.22,11.65,11.83,12.19,-0.36,-2.9532,75264.0,89809.805
000779.SZ,20200713,11.99,12.42,11.98,12.19,11.78,0.41,3.4805,75596.32,91997.994
000779.SZ,20200710,11.96,12.3,11.72,11.78,11.95,-0.17,-1.4226,71177.02,85127.425
000779.SZ,20200709,11.61,11.98,11.54,11.95,11.61,0.34,2.9285,87594.85,102752.157
000779.SZ,20200708,11.41,11.74,11.33,11.61,11.52,0.09,0.7813,78291.34,90491.539
000779.SZ,20200707,11.5,11.63,11.28,11.52,11.47,0.05,0.4359,81935.87,93739.568
000779.SZ,20200706,10.71,11.77,10.7,11.47,10.72,0.75,6.9963,94909.86,106653.383
000779.SZ,20200703,10.76,10.79,10.61,10.72,10.7,0.02,0.1869,41471.0,44330.358
000779.SZ,20200702,10.43,10.77,10.41,10.7,10.43,0.27,2.5887,47580.02,50569.946
000779.SZ,20200701,10.33,10.49,10.27,10.43,10.33,0.1,0.9681,17185.55,17795.37
000779.SZ,20200630,10.34,10.42,10.28,10.33,10.34,-0.01,-0.0967,16054.95,16618.966
000779.SZ,20200629,10.23,10.48,10.23,10.34,10.22,0.12,1.1742,16604.0,17194.463
000779.SZ,20200624,10.27,10.3,10.18,10.22,10.27,-0.05,-0.4869,15330.0,15657.158
000779.SZ,20200623,10.34,10.38,10.25,10.27,10.34,-0.07,-0.677,16239.61,16729.489
000779.SZ,20200622,10.51,10.56,10.32,10.34,10.49,-0.15,-1.4299,30042.39,31260.499
000779.SZ,20200619,10.51,10.57,10.47,10.49,10.52,-0.03,-0.2852,18996.0,19977.993
000779.SZ,20200618,10.56,10.57,10.46,10.52,10.57,-0.05,-0.473,16152.0,17000.338
000779.SZ,20200617,10.67,10.75,10.5,10.57,10.72,-0.15,-1.3993,28568.0,30187.521
000779.SZ,20200616,10.64,10.77,10.49,10.72,10.64,0.08,0.7519,37557.6,39787.034
000779.SZ,20200615,11.25,11.25,10.58,10.64,10.89,-0.25,-2.2957,71101.0,77118.325
000779.SZ,20200612,10.0,10.93,9.9,10.89,10.26,0.63,6.1404,64145.56,67875.717
000779.SZ,20200611,10.52,10.63,10.24,10.26,10.57,-0.31,-2.9328,30452.82,31706.529
000779.SZ,20200610,10.49,10.79,10.44,10.57,10.59,-0.02,-0.1889,37632.0,39997.922
000779.SZ,20200609,10.2,10.62,10.15,10.59,10.18,0.41,4.0275,36392.0,37900.942
000779.SZ,20200608,10.32,10.39,10.15,10.18,10.32,-0.14,-1.3566,22317.56,22951.412
000779.SZ,20200605,10.37,10.45,10.26,10.32,10.41,-0.09,-0.8646,16597.57,17134.457
000779.SZ,20200604,10.5,10.56,10.33,10.41,10.5,-0.09,-0.8571,24237.71,25205.562
000779.SZ,20200603,10.65,10.73,10.47,10.5,10.57,-0.07,-0.6623,23235.0,24630.792
000779.SZ,20200602,10.46,10.65,10.44,10.57,10.48,0.09,0.8588,23610.71,24937.768
000779.SZ,20200601,10.27,10.53,10.27,10.48,10.26,0.22,2.1442,28846.13,30071.609
000779.SZ,20200529,10.26,10.34,10.17,10.26,10.27,-0.01,-0.0974,16128.0,16546.22
000779.SZ,20200528,10.35,10.38,10.09,10.27,10.27,0.0,0.0,22934.0,23476.891
000779.SZ,20200527,10.37,10.48,10.23,10.27,10.38,-0.11,-1.0597,20828.56,21468.764
000779.SZ,20200526,10.16,10.38,10.16,10.38,10.17,0.21,2.0649,20031.0,20664.449
000779.SZ,20200525,10.36,10.49,10.1,10.17,10.36,-0.19,-1.834,25289.56,25945.671
000779.SZ,20200522,10.79,10.79,10.34,10.36,10.81,-0.45,-4.1628,35532.0,37427.544
000779.SZ,20200521,10.97,11.08,10.81,10.81,10.97,-0.16,-1.4585,31505.0,34445.544
000779.SZ,20200520,11.16,11.19,10.9,10.97,11.22,-0.25,-2.2282,38044.56,41940.094
000779.SZ,20200519,11.26,11.33,11.05,11.22,11.33,-0.11,-0.9709,50304.0,56187.917
000779.SZ,20200518,11.5,11.51,11.16,11.33,10.9,0.43,3.945,81564.75,92409.235
000779.SZ,20200515,11.21,11.25,10.81,10.9,11.16,-0.26,-2.3297,47183.95,51744.528
000779.SZ,20200514,11.17,11.4,11.1,11.16,11.16,0.0,0.0,41520.91,46625.335
000779.SZ,20200513,11.21,11.26,11.08,11.16,11.22,-0.06,-0.5348,38789.01,43322.898
000779.SZ,20200512,11.41,11.45,11.05,11.22,11.5,-0.28,-2.4348,50670.38,56814.439
000779.SZ,20200511,11.34,11.64,11.2,11.5,11.27,0.23,2.0408,71716.19,81867.262
000779.SZ,20200508,11.27,11.48,11.16,11.27,11.4,-0.13,-1.1404,67108.95,75775.312
000779.SZ,20200507,11.25,11.61,11.0,11.4,11.2,0.2,1.7857,92341.39,104185.495
000779.SZ,20200506,10.92,11.23,10.84,11.2,10.92,0.28,2.5641,61025.0,67894.036
000779.SZ,20200430,10.8,11.06,10.71,10.92,10.62,0.3,2.8249,59776.46,65182.871
000779.SZ,20200429,10.71,10.95,10.5,10.62,10.8,-0.18,-1.6667,58576.0,63120.099
000779.SZ,20200428,11.24,11.46,10.69,10.8,11.32,-0.52,-4.5936,82050.26,89744.098
000779.SZ,20200427,11.4,11.61,11.24,11.32,11.58,-0.26,-2.2453,66505.2,75871.57
000779.SZ,20200424,12.01,12.2,11.33,11.58,12.28,-0.7,-5.7003,151669.83,177891.924
000779.SZ,20200423,12.17,12.77,12.12,12.28,12.56,-0.28,-2.2293,160183.37,198045.367
000779.SZ,20200422,13.0,13.3,12.56,12.56,13.96,-1.4,-10.0287,247535.8,314579.239
000779.SZ,20200421,13.88,14.38,13.18,13.96,13.07,0.89,6.8095,338571.21,466754.38
000779.SZ,20200420,12.75,13.07,12.56,13.07,11.88,1.19,10.0168,68993.33,88751.648
000779.SZ,20200417,11.8,11.88,11.51,11.88,10.8,1.08,10.0,53026.42,62746.087
000779.SZ,20200416,10.72,10.98,10.68,10.8,10.78,0.02,0.1855,36179.89,39190.278
000779.SZ,20200415,10.98,11.06,10.69,10.78,11.1,-0.32,-2.8829,48019.96,51861.783
000779.SZ,20200414,11.21,11.32,10.89,11.1,11.32,-0.22,-1.9435,68446.1,75388.177
000779.SZ,20200413,10.95,11.54,10.68,11.32,10.95,0.37,3.379,101160.88,112579.895
000779.SZ,20200410,10.33,11.36,10.33,10.95,10.33,0.62,6.0019,100671.4,110277.078
000779.SZ,20200409,10.59,10.67,10.33,10.33,10.67,-0.34,-3.1865,39660.91,41477.582
000779.SZ,20200408,9.84,10.7,9.73,10.67,9.84,0.83,8.435,48544.13,49491.94
000779.SZ,20200407,9.78,9.86,9.66,9.84,9.66,0.18,1.8634,24874.89,24340.609
000779.SZ,20200403,9.92,9.95,9.61,9.66,9.9,-0.24,-2.4242,23591.0,22888.41
000779.SZ,20200402,10.0,10.03,9.61,9.9,10.1,-0.2,-1.9802,32159.93,31496.042
000779.SZ,20200401,10.6,10.65,10.1,10.1,10.71,-0.61,-5.6956,39739.67,40988.632
000779.SZ,20200331,10.68,10.76,10.35,10.71,10.9,-0.19,-1.7431,53161.45,56160.248
000779.SZ,20200330,10.35,10.97,10.05,10.9,10.43,0.47,4.5062,79618.84,84781.596
000779.SZ,20200327,9.75,10.48,9.67,10.43,9.59,0.84,8.7591,54323.86,55323.065
000779.SZ,20200326,9.67,9.74,9.56,9.59,9.75,-0.16,-1.641,9138.87,8812.319
000779.SZ,20200325,9.89,9.89,9.66,9.75,9.64,0.11,1.1411,13773.32,13434.013
000779.SZ,20200324,9.5,9.72,9.38,9.64,9.37,0.27,2.8815,14809.46,14168.925
000779.SZ,20200323,9.6,9.74,9.31,9.37,9.89,-0.52,-5.2578,19069.01,18219.004
000779.SZ,20200320,9.75,9.96,9.71,9.89,9.71,0.18,1.8538,21474.01,21097.591
000779.SZ,20200319,9.74,9.79,9.39,9.71,9.69,0.02,0.2064,20493.01,19656.544
000779.SZ,20200318,9.86,10.16,9.69,9.69,9.78,-0.09,-0.9202,27709.45,27494.283
000779.SZ,20200317,9.89,9.95,9.39,9.78,9.45,0.33,3.4921,25194.33,24382.454
000779.SZ,20200316,9.92,10.05,9.4,9.45,9.85,-0.4,-4.0609,20968.87,20453.716
000779.SZ,20200313,9.57,10.01,9.3,9.85,10.18,-0.33,-3.2417,23776.86,23050.311
000779.SZ,20200312,10.39,10.51,10.03,10.18,10.52,-0.34,-3.2319,24232.89,24811.5
000779.SZ,20200311,10.71,10.92,10.52,10.52,10.75,-0.23,-2.1395,24113.87,25855.948
000779.SZ,20200310,10.2,10.87,10.16,10.75,10.45,0.3,2.8708,35314.38,37239.536
000779.SZ,20200309,10.9,10.9,10.45,10.45,11.12,-0.67,-6.0252,40561.31,43221.035
000779.SZ,20200306,11.27,11.38,11.1,11.12,11.6,-0.48,-4.1379,52782.99,59207.058
000779.SZ,20200305,11.21,12.1,11.03,11.6,11.4,0.2,1.7544,106608.27,121450.843
000779.SZ,20200304,10.55,11.55,10.55,11.4,10.8,0.6,5.5556,97967.32,109769.947
000779.SZ,20200303,10.0,10.8,9.82,10.8,9.82,0.98,9.9796,96910.4,102190.761
000779.SZ,20200302,9.32,9.82,9.32,9.82,9.2,0.62,6.7391,23278.14,22501.562
000779.SZ,20200228,9.7,9.7,9.16,9.2,9.81,-0.61,-6.2181,22746.36,21443.8
000779.SZ,20200227,9.96,10.04,9.8,9.81,9.87,-0.06,-0.6079,16756.25,16569.677
000779.SZ,20200226,9.79,10.06,9.64,9.87,9.88,-0.01,-0.1012,25252.14,24875.976
000779.SZ,20200225,9.92,10.11,9.57,9.88,10.21,-0.33,-3.2321,26234.23,25866.127
000779.SZ,20200224,9.95,10.26,9.82,10.21,9.97,0.24,2.4072,24839.49,24876.333
000779.SZ,20200221,9.75,10.46,9.75,9.97,9.77,0.2,2.0471,39738.96,40298.01
000779.SZ,20200220,9.31,9.94,9.29,9.77,9.31,0.46,4.9409,23698.11,22700.317
000779.SZ,20200219,9.43,9.51,9.3,9.31,9.49,-0.18,-1.8967,15678.0,14716.65
000779.SZ,20200218,9.42,9.49,9.35,9.49,9.42,0.07,0.7431,9949.1,9373.907
000779.SZ,20200217,9.12,9.45,9.12,9.42,9.13,0.29,3.1763,12133.26,11360.271
000779.SZ,20200214,9.03,9.16,9.0,9.13,9.07,0.06,0.6615,7614.42,6928.985
000779.SZ,20200213,9.17,9.2,9.07,9.07,9.17,-0.1,-1.0905,8631.0,7870.486
000779.SZ,20200212,9.09,9.2,9.07,9.17,9.11,0.06,0.6586,8530.0,7793.362
000779.SZ,20200211,9.11,9.19,9.04,9.11,9.09,0.02,0.22,11756.85,10704.129
000779.SZ,20200210,8.85,9.25,8.75,9.09,8.84,0.25,2.8281,16230.0,14662.378
000779.SZ,20200207,8.75,8.9,8.69,8.84,8.75,0.09,1.0286,14433.0,12689.551
000779.SZ,20200206,8.66,8.82,8.56,8.75,8.63,0.12,1.3905,18590.25,16138.194
000779.SZ,20200205,8.5,8.77,8.5,8.63,8.53,0.1,1.1723,16713.0,14471.921
000779.SZ,20200204,8.08,8.68,8.08,8.53,8.87,-0.34,-3.8331,23294.53,19810.017
000779.SZ,20200203,8.87,8.87,8.87,8.87,9.85,-0.98,-9.9492,4421.0,3921.427
000779.SZ,20200123,10.23,10.26,9.7,9.85,10.26,-0.41,-3.9961,13854.0,13842.48
000779.SZ,20200122,10.39,10.41,10.05,10.26,10.41,-0.15,-1.4409,11361.95,11635.847
000779.SZ,20200121,10.65,10.76,10.41,10.41,10.63,-0.22,-2.0696,11858.0,12555.002
000779.SZ,20200120,10.47,10.66,10.45,10.63,10.46,0.17,1.6252,12856.79,13596.218
000779.SZ,20200117,10.59,10.59,10.43,10.46,10.49,-0.03,-0.286,6138.36,6433.79
000779.SZ,20200116,10.63,10.73,10.47,10.49,10.63,-0.14,-1.317,9964.97,10491.823
000779.SZ,20200115,10.5,10.7,10.38,10.63,10.52,0.11,1.0456,17306.17,18207.486
000779.SZ,20200114,10.63,10.68,10.48,10.52,10.63,-0.11,-1.0348,11369.26,12000.898
000779.SZ,20200113,10.55,10.65,10.47,10.63,10.63,0.0,0.0,12187.17,12861.287
000779.SZ,20200110,10.64,10.73,10.59,10.63,10.65,-0.02,-0.1878,11029.0,11751.501
000779.SZ,20200109,10.78,10.78,10.6,10.65,10.72,-0.07,-0.653,21357.0,22788.061
000779.SZ,20200108,10.59,10.81,10.34,10.72,10.6,0.12,1.1321,33022.49,34890.249
000779.SZ,20200107,10.33,10.64,10.32,10.6,10.35,0.25,2.4155,21981.15,23085.39
000779.SZ,20200106,10.47,10.47,10.26,10.35,10.37,-0.02,-0.1929,13725.7,14226.433
000779.SZ,20200103,10.36,10.43,10.3,10.37,10.35,0.02,0.1932,15198.23,15762.204
000779.SZ,20200102,10.26,10.38,10.26,10.35,10.24,0.11,1.0742,13379.58,13825.026
