ts_code,trade_date,open,high,low,close,pre_close,change,pct_chg,vol,amount
002052.SZ,20241105,3.57,3.57,3.57,3.57,3.4,0.17,5.0,6118.0,2184.126
002052.SZ,20241104,3.15,3.4,3.15,3.4,3.24,0.16,4.9383,143564.85,46044.942
002052.SZ,20241101,3.24,3.24,3.24,3.24,3.41,-0.17,-4.9853,15217.0,4930.308
002052.SZ,20241031,3.41,3.41,3.41,3.41,3.59,-0.18,-5.0139,29243.0,9971.863
002052.SZ,20241030,3.9,3.92,3.59,3.59,3.78,-0.19,-5.0265,269637.0,100334.337
002052.SZ,20241029,3.98,3.99,3.77,3.78,3.97,-0.19,-4.7859,352979.5,135591.486
002052.SZ,20241028,3.95,3.97,3.89,3.97,3.78,0.19,5.0265,208562.6,82461.786
002052.SZ,20241025,3.75,3.78,3.55,3.78,3.6,0.18,5.0,254903.6,95521.702
002052.SZ,20241024,3.43,3.6,3.41,3.6,3.43,0.17,4.9563,188508.31,66942.818
002052.SZ,20241023,3.44,3.44,3.12,3.43,3.28,0.15,4.5732,437283.88,143442.64
002052.SZ,20241022,3.28,3.28,3.28,3.28,3.12,0.16,5.1282,12160.5,3988.644
002052.SZ,20241021,3.12,3.12,3.12,3.12,2.97,0.15,5.0505,37909.0,11827.608
002052.SZ,20241018,3.0,3.0,2.86,2.97,2.86,0.11,3.8462,471736.84,140565.144
002052.SZ,20241017,2.86,2.86,2.86,2.86,2.72,0.14,5.1471,92122.51,26347.038
002052.SZ,20241016,2.66,2.72,2.46,2.72,2.59,0.13,5.0193,542210.68,141138.461
002052.SZ,20241015,2.59,2.59,2.59,2.59,2.47,0.12,4.8583,22067.56,5715.498
002052.SZ,20241014,2.47,2.47,2.47,2.47,2.35,0.12,5.1064,26490.01,6543.032
002052.SZ,20241011,2.35,2.35,2.35,2.35,2.24,0.11,4.9107,20191.06,4744.899
002052.SZ,20241010,2.24,2.24,2.24,2.24,2.13,0.11,5.1643,5528.6,1238.406
002052.SZ,20241009,2.09,2.13,2.06,2.13,2.03,0.1,4.9261,69540.5,14679.462
002052.SZ,20241008,2.03,2.03,1.96,2.03,1.93,0.1,5.1813,301718.79,60545.433
002052.SZ,20240930,1.89,1.97,1.8,1.93,1.88,0.05,2.6596,276235.27,51988.471
002052.SZ,20240927,1.88,1.94,1.81,1.88,1.9,-0.02,-1.0526,243689.48,45421.387
002052.SZ,20240926,1.89,1.93,1.87,1.9,1.91,-0.01,-0.5236,116353.82,21996.041
002052.SZ,20240925,1.87,1.95,1.87,1.91,1.87,0.04,2.139,133613.0,25391.333
002052.SZ,20240924,1.82,1.88,1.77,1.87,1.82,0.05,2.7473,178521.01,32588.666
002052.SZ,20240923,1.92,1.96,1.82,1.82,1.92,-0.1,-5.2083,234144.0,43783.06
002052.SZ,20240920,1.83,1.92,1.8,1.92,1.84,0.08,4.3478,218638.51,40875.731
002052.SZ,20240919,1.75,1.84,1.71,1.84,1.75,0.09,5.1429,195423.51,35690.285
002052.SZ,20240918,1.82,1.85,1.74,1.75,1.83,-0.08,-4.3716,106645.0,19048.857
002052.SZ,20240913,1.8,1.87,1.78,1.83,1.87,-0.04,-2.139,268255.0,48401.797
002052.SZ,20240912,1.76,1.94,1.76,1.87,1.85,0.02,1.0811,519427.91,96869.837
002052.SZ,20240911,1.85,1.85,1.85,1.85,1.95,-0.1,-5.1282,47300.0,8750.5
002052.SZ,20240910,1.95,1.95,1.95,1.95,2.05,-0.1,-4.878,21073.0,4109.235
002052.SZ,20240909,2.05,2.06,2.05,2.05,2.16,-0.11,-5.0926,99245.0,20345.602
002052.SZ,20240906,2.15,2.37,2.15,2.16,2.26,-0.1,-4.4248,561248.74,123431.012
002052.SZ,20240905,2.26,2.26,2.26,2.26,2.38,-0.12,-5.042,28131.0,6357.606
002052.SZ,20240904,2.38,2.38,2.38,2.38,2.5,-0.12,-4.8,65962.0,15698.956
002052.SZ,20240903,2.61,2.61,2.37,2.5,2.49,0.01,0.4016,750402.14,191008.558
002052.SZ,20240902,2.48,2.49,2.44,2.49,2.37,0.12,5.0633,145033.1,36070.701
002052.SZ,20240830,2.25,2.37,2.16,2.37,2.26,0.11,4.8673,424671.69,97639.365
002052.SZ,20240829,2.18,2.26,2.18,2.26,2.15,0.11,5.1163,59647.61,13397.73
002052.SZ,20240828,2.15,2.15,2.08,2.15,2.05,0.1,4.878,159647.8,34251.386
002052.SZ,20240827,2.0,2.05,1.98,2.05,1.95,0.1,5.1282,177601.8,36236.317
002052.SZ,20240826,1.81,1.95,1.78,1.95,1.86,0.09,4.8387,195747.6,36886.125
002052.SZ,20240823,1.89,1.9,1.78,1.86,1.81,0.05,2.7624,334288.0,62354.309
002052.SZ,20240822,1.7,1.81,1.65,1.81,1.72,0.09,5.2326,232237.36,40744.963
002052.SZ,20240821,1.72,1.72,1.65,1.72,1.64,0.08,4.878,477166.52,81393.407
002052.SZ,20240820,1.64,1.64,1.64,1.64,1.56,0.08,5.1282,8045.0,1319.38
002052.SZ,20240819,1.56,1.56,1.51,1.56,1.49,0.07,4.698,104425.0,16272.735
002052.SZ,20240816,1.47,1.49,1.43,1.49,1.42,0.07,4.9296,170001.0,25071.957
002052.SZ,20240815,1.48,1.49,1.41,1.42,1.48,-0.06,-4.0541,205603.56,29224.009
002052.SZ,20240814,1.46,1.53,1.45,1.48,1.46,0.02,1.3699,246423.92,36896.905
002052.SZ,20240813,1.46,1.46,1.46,1.46,1.54,-0.08,-5.1948,41993.0,6130.978
002052.SZ,20240812,1.6,1.65,1.54,1.54,1.62,-0.08,-4.9383,141751.0,22245.362
002052.SZ,20240809,1.54,1.66,1.54,1.62,1.58,0.04,2.5316,208529.0,34174.214
002052.SZ,20240808,1.57,1.58,1.51,1.58,1.5,0.08,5.3333,205597.2,32122.114
002052.SZ,20240807,1.44,1.5,1.44,1.5,1.43,0.07,4.8951,102560.0,15191.593
002052.SZ,20240806,1.38,1.43,1.36,1.43,1.36,0.07,5.1471,159087.02,22636.696
002052.SZ,20240805,1.4,1.4,1.36,1.36,1.4,-0.04,-2.8571,52609.0,7248.112
002052.SZ,20240802,1.39,1.43,1.38,1.4,1.4,0.0,0.0,100538.0,14075.777
002052.SZ,20240801,1.34,1.42,1.34,1.4,1.38,0.02,1.4493,129016.0,17976.838
002052.SZ,20240731,1.4,1.41,1.38,1.38,1.45,-0.07,-4.8276,282582.01,39128.158
002052.SZ,20240730,1.47,1.51,1.43,1.45,1.44,0.01,0.6944,301061.94,44705.572
002052.SZ,20240729,1.46,1.49,1.43,1.44,1.48,-0.04,-2.7027,106324.0,15426.494
002052.SZ,20240726,1.45,1.5,1.4,1.48,1.43,0.05,3.4965,176902.01,25762.579
002052.SZ,20240725,1.38,1.43,1.34,1.43,1.36,0.07,5.1471,156763.07,22073.706
002052.SZ,20240724,1.4,1.44,1.35,1.36,1.42,-0.06,-4.2254,182111.0,25041.429
002052.SZ,20240723,1.41,1.45,1.36,1.42,1.38,0.04,2.8986,226331.01,32206.231
002052.SZ,20240722,1.49,1.5,1.38,1.38,1.45,-0.07,-4.8276,282875.6,40029.455
002052.SZ,20240719,1.38,1.45,1.33,1.45,1.38,0.07,5.0725,226175.0,32008.08
002052.SZ,20240718,1.42,1.42,1.28,1.38,1.35,0.03,2.2222,370956.01,50421.666
002052.SZ,20240717,1.34,1.35,1.33,1.35,1.29,0.06,4.6512,49327.2,6631.324
002052.SZ,20240716,1.29,1.29,1.25,1.29,1.23,0.06,4.878,166105.19,21366.284
002052.SZ,20240715,1.18,1.23,1.17,1.23,1.17,0.06,5.1282,131095.99,15919.813
002052.SZ,20240712,1.13,1.19,1.12,1.17,1.13,0.04,3.5398,320842.94,37278.759
002052.SZ,20240711,1.1,1.13,1.09,1.13,1.08,0.05,4.6296,240663.83,27080.637
002052.SZ,20240710,1.02,1.08,1.0,1.08,1.03,0.05,4.8544,209918.0,22092.756
002052.SZ,20240709,1.06,1.09,1.02,1.03,1.07,-0.04,-3.7383,337516.0,34764.019
002052.SZ,20240708,1.06,1.13,1.06,1.07,1.08,-0.01,-0.9259,235904.0,25745.701
002052.SZ,20240705,1.03,1.08,1.02,1.08,1.03,0.05,4.8544,308366.7,33018.614
002052.SZ,20240704,1.03,1.06,1.01,1.03,1.04,-0.01,-0.9615,109740.0,11332.378
002052.SZ,20240703,0.99,1.05,0.99,1.04,1.0,0.04,4.0,144719.01,14853.947
002052.SZ,20240702,1.03,1.04,0.99,1.0,1.04,-0.04,-3.8462,240368.39,24162.282
002052.SZ,20240701,1.04,1.07,1.0,1.04,1.04,0.0,0.0,219649.98,22727.908
002052.SZ,20240628,0.97,1.04,0.95,1.04,0.99,0.05,5.0505,229741.47,23018.798
002052.SZ,20240627,0.98,1.02,0.97,0.99,0.97,0.02,2.0619,309484.39,31232.186
002052.SZ,20240626,0.93,0.97,0.89,0.97,0.92,0.05,5.4348,128781.0,12153.142
002052.SZ,20240625,0.89,0.94,0.89,0.92,0.92,0.0,0.0,114446.14,10485.288
002052.SZ,20240624,0.95,0.97,0.91,0.92,0.96,-0.04,-4.1667,189384.33,17467.054
002052.SZ,20240621,0.97,0.99,0.96,0.96,1.01,-0.05,-4.9505,244322.99,23623.423
002052.SZ,20240620,0.92,1.02,0.92,1.01,0.97,0.04,4.1237,532787.59,50611.481
002052.SZ,20240619,0.97,1.0,0.97,0.97,1.02,-0.05,-4.902,318596.0,30969.295
002052.SZ,20240618,1.02,1.02,1.01,1.02,0.97,0.05,5.1546,606576.34,61869.626
002052.SZ,20240617,0.97,0.97,0.97,0.97,0.92,0.05,5.4348,2192.98,212.719
002052.SZ,20240614,0.92,0.92,0.92,0.92,0.88,0.04,4.5455,1431.01,131.653
002052.SZ,20240613,0.88,0.88,0.88,0.88,0.84,0.04,4.7619,4674.02,411.314
002052.SZ,20240612,0.84,0.84,0.84,0.84,0.8,0.04,5.0,53555.36,4498.65
002052.SZ,20240611,0.8,0.8,0.8,0.8,0.84,-0.04,-4.7619,69566.0,5565.28
002052.SZ,20240607,0.84,0.84,0.84,0.84,0.88,-0.04,-4.5455,22953.0,1928.052
002052.SZ,20240606,0.88,0.88,0.88,0.88,0.93,-0.05,-5.3763,5382.0,473.616
002052.SZ,20240605,0.93,0.93,0.93,0.93,0.98,-0.05,-5.102,73415.0,6827.595
002052.SZ,20240604,0.98,1.0,0.98,0.98,1.03,-0.05,-4.8544,295509.0,28977.815
002052.SZ,20240603,1.03,1.03,1.03,1.03,1.08,-0.05,-4.6296,26302.0,2709.106
002052.SZ,20240531,1.08,1.08,1.08,1.08,1.14,-0.06,-5.2632,7291.0,787.428
002052.SZ,20240530,1.14,1.14,1.14,1.14,1.2,-0.06,-5.0,13095.0,1492.83
002052.SZ,20240529,1.2,1.21,1.2,1.2,1.26,-0.06,-4.7619,178316.0,21399.357
002052.SZ,20240528,1.26,1.26,1.26,1.26,1.2,0.06,5.0,28585.0,3601.71
002052.SZ,20240527,1.2,1.26,1.2,1.2,1.26,-0.06,-4.7619,398548.0,47947.992
002052.SZ,20240524,1.26,1.26,1.26,1.26,1.33,-0.07,-5.2632,16865.0,2124.99
002052.SZ,20240523,1.33,1.33,1.33,1.33,1.4,-0.07,-5.0,10432.0,1387.456
002052.SZ,20240522,1.4,1.4,1.4,1.4,1.47,-0.07,-4.7619,13130.0,1838.2
002052.SZ,20240521,1.47,1.47,1.47,1.47,1.55,-0.08,-5.1613,6569.0,965.643
002052.SZ,20240520,1.54,1.59,1.54,1.55,1.62,-0.07,-4.321,171855.43,26717.456
002052.SZ,20240517,1.55,1.62,1.55,1.62,1.63,-0.01,-0.6135,233602.9,36270.382
002052.SZ,20240516,1.63,1.63,1.63,1.63,1.72,-0.09,-5.2326,22769.0,3711.347
002052.SZ,20240515,1.82,1.87,1.72,1.72,1.81,-0.09,-4.9724,127850.0,22579.805
002052.SZ,20240514,1.86,1.86,1.8,1.81,1.85,-0.04,-2.1622,34767.8,6340.89
002052.SZ,20240513,1.93,1.93,1.84,1.85,1.94,-0.09,-4.6392,59622.0,11090.707
002052.SZ,20240510,1.92,1.94,1.88,1.94,1.93,0.01,0.5181,48268.58,9211.118
002052.SZ,20240509,1.91,1.95,1.86,1.93,1.88,0.05,2.6596,99471.6,18993.768
002052.SZ,20240508,1.78,1.88,1.78,1.88,1.79,0.09,5.0279,82246.91,15274.97
002052.SZ,20240507,1.81,1.84,1.77,1.79,1.83,-0.04,-2.1858,31757.02,5716.499
002052.SZ,20240506,1.86,1.9,1.79,1.83,1.88,-0.05,-2.6596,80595.0,14777.715
002052.SZ,20240430,1.85,1.89,1.85,1.88,1.88,0.0,0.0,34024.0,6360.426
002052.SZ,20240429,1.85,1.91,1.82,1.88,1.83,0.05,2.7322,67642.0,12546.652
002052.SZ,20240426,1.86,1.86,1.82,1.83,1.86,-0.03,-1.6129,52026.52,9558.877
002052.SZ,20240425,1.84,1.9,1.84,1.86,1.81,0.05,2.7624,85628.1,15998.912
002052.SZ,20240424,1.74,1.81,1.74,1.81,1.72,0.09,5.2326,62748.2,11296.607
002052.SZ,20240423,1.71,1.76,1.71,1.72,1.8,-0.08,-4.4444,159171.45,27388.777
002052.SZ,20240419,1.8,1.82,1.75,1.8,1.82,-0.02,-1.0989,130139.41,23311.224
002052.SZ,20240418,1.9,1.93,1.81,1.82,1.9,-0.08,-4.2105,132872.13,24650.277
002052.SZ,20240417,1.9,2.06,1.9,1.9,2.0,-0.1,-5.0,172310.0,33491.921
002052.SZ,20240416,2.0,2.0,2.0,2.0,2.11,-0.11,-5.2133,15272.0,3054.4
002052.SZ,20240415,2.11,2.11,2.11,2.11,2.22,-0.11,-4.955,46905.0,9896.955
002052.SZ,20240412,2.2,2.22,2.1,2.22,2.21,0.01,0.4525,96704.13,20951.611
002052.SZ,20240411,2.27,2.29,2.21,2.21,2.27,-0.06,-2.6432,56134.0,12627.052
002052.SZ,20240410,2.26,2.3,2.22,2.27,2.26,0.01,0.4425,72602.0,16479.462
002052.SZ,20240409,2.24,2.29,2.21,2.26,2.25,0.01,0.4444,46190.0,10402.388
002052.SZ,20240408,2.19,2.29,2.17,2.25,2.19,0.06,2.7397,92313.6,20633.144
002052.SZ,20240403,2.27,2.31,2.19,2.19,2.27,-0.08,-3.5242,83531.04,18594.994
002052.SZ,20240402,2.31,2.33,2.24,2.27,2.3,-0.03,-1.3043,95247.6,21646.641
002052.SZ,20240401,2.21,2.31,2.21,2.3,2.2,0.1,4.5455,136111.45,31089.188
002052.SZ,20240329,2.16,2.22,2.16,2.2,2.15,0.05,2.3256,104360.84,22924.094
002052.SZ,20240328,2.09,2.16,2.09,2.15,2.09,0.06,2.8708,95218.61,20408.229
002052.SZ,20240327,2.09,2.18,2.08,2.09,2.1,-0.01,-0.4762,69021.0,14678.782
002052.SZ,20240326,2.11,2.13,2.07,2.1,2.12,-0.02,-0.9434,44304.0,9281.958
002052.SZ,20240325,2.11,2.17,2.1,2.12,2.12,0.0,0.0,56977.67,12144.876
002052.SZ,20240322,2.08,2.13,2.08,2.12,2.09,0.03,1.4354,60338.0,12702.637
002052.SZ,20240321,2.09,2.15,2.06,2.09,2.09,0.0,0.0,113634.0,23779.447
002052.SZ,20240320,1.94,2.09,1.93,2.09,1.99,0.1,5.0251,262760.51,52511.973
002052.SZ,20240319,1.99,2.02,1.99,1.99,2.09,-0.1,-4.7847,108142.0,21525.242
002052.SZ,20240318,2.18,2.18,2.08,2.09,2.19,-0.1,-4.5662,184203.01,38903.863
002052.SZ,20240315,2.18,2.22,2.16,2.19,2.18,0.01,0.4587,121926.2,26639.298
002052.SZ,20240314,2.1,2.18,2.09,2.18,2.08,0.1,4.8077,125734.5,27159.673
002052.SZ,20240313,2.12,2.14,2.05,2.08,2.14,-0.06,-2.8037,137122.0,28653.059
002052.SZ,20240312,2.23,2.23,2.12,2.14,2.23,-0.09,-4.0359,132832.99,28609.969
002052.SZ,20240311,2.26,2.28,2.2,2.23,2.26,-0.03,-1.3274,84328.5,18838.248
002052.SZ,20240308,2.21,2.26,2.2,2.26,2.22,0.04,1.8018,69831.0,15573.015
002052.SZ,20240307,2.23,2.3,2.21,2.22,2.25,-0.03,-1.3333,99062.0,22258.284
002052.SZ,20240306,2.18,2.27,2.18,2.25,2.22,0.03,1.3514,126366.01,28180.983
002052.SZ,20240305,2.22,2.33,2.18,2.22,2.22,0.0,0.0,271768.34,61899.083
002052.SZ,20240304,2.08,2.22,2.06,2.22,2.11,0.11,5.2133,190066.99,41665.767
002052.SZ,20240301,2.13,2.18,2.08,2.11,2.15,-0.04,-1.8605,149398.8,31791.077
002052.SZ,20240229,2.02,2.18,2.02,2.15,2.13,0.02,0.939,250531.02,52348.675
002052.SZ,20240228,2.35,2.35,2.13,2.13,2.24,-0.11,-4.9107,367836.01,81985.763
002052.SZ,20240227,2.23,2.24,2.2,2.24,2.13,0.11,5.1643,61953.0,13852.293
002052.SZ,20240226,2.12,2.13,2.08,2.13,2.03,0.1,4.9261,98988.01,21042.254
002052.SZ,20240223,1.92,2.03,1.92,2.03,1.93,0.1,5.1813,55874.0,11081.754
002052.SZ,20240222,1.9,1.94,1.88,1.93,1.94,-0.01,-0.5155,108488.0,20712.971
002052.SZ,20240221,1.92,2.01,1.89,1.94,1.92,0.02,1.0417,203965.01,39666.779
002052.SZ,20240220,1.88,1.92,1.86,1.92,1.83,0.09,4.918,108281.15,20680.337
002052.SZ,20240219,1.83,1.83,1.75,1.83,1.74,0.09,5.1724,91355.14,16615.763
002052.SZ,20240208,1.7,1.77,1.63,1.74,1.72,0.02,1.1628,215983.59,36291.949
002052.SZ,20240207,1.69,1.84,1.69,1.72,1.75,-0.03,-1.7143,249350.82,43657.016
002052.SZ,20240206,1.75,1.75,1.75,1.75,1.84,-0.09,-4.8913,15921.0,2786.175
002052.SZ,20240205,1.84,1.84,1.84,1.84,1.94,-0.1,-5.1546,8412.0,1547.808
002052.SZ,20240202,1.95,2.01,1.94,1.94,2.04,-0.1,-4.902,90151.0,17653.319
002052.SZ,20240201,2.1,2.11,2.04,2.04,2.15,-0.11,-5.1163,141432.0,29089.122
002052.SZ,20240131,2.15,2.22,2.15,2.15,2.26,-0.11,-4.8673,151986.3,32851.196
002052.SZ,20240130,2.27,2.3,2.26,2.26,2.38,-0.12,-5.042,116207.2,26318.294
002052.SZ,20240129,2.49,2.49,2.38,2.38,2.5,-0.12,-4.8,252438.2,60457.98
002052.SZ,20240126,2.58,2.58,2.35,2.5,2.46,0.04,1.626,739638.32,185530.982
002052.SZ,20240125,2.46,2.46,2.46,2.46,2.34,0.12,5.1282,13440.0,3306.24
002052.SZ,20240124,2.34,2.34,2.34,2.34,2.23,0.11,4.9327,28707.0,6717.438
002052.SZ,20240123,2.23,2.23,2.23,2.23,2.12,0.11,5.1887,35112.6,7830.11
002052.SZ,20240122,2.12,2.12,2.12,2.12,2.02,0.1,4.9505,18093.0,3835.716
002052.SZ,20240108,2.07,2.11,2.02,2.02,2.07,-0.05,-2.4155,174733.0,36067.421
002052.SZ,20240105,1.98,2.07,1.96,2.07,1.97,0.1,5.0761,144777.42,29672.846
002052.SZ,20240104,1.94,1.97,1.93,1.97,1.93,0.04,2.0725,61314.0,12002.664
002052.SZ,20240103,1.93,1.94,1.91,1.93,1.93,0.0,0.0,28015.0,5394.651
002052.SZ,20240102,1.95,1.95,1.92,1.93,1.94,-0.01,-0.5155,23502.0,4541.584
002052.SZ,20231229,1.95,1.97,1.93,1.94,1.95,-0.01,-0.5128,50054.0,9776.543
002052.SZ,20231228,1.93,1.96,1.93,1.95,1.94,0.01,0.5155,44508.5,8677.53
002052.SZ,20231227,1.92,1.94,1.9,1.94,1.92,0.02,1.0417,27067.0,5214.786
002052.SZ,20231226,1.92,1.93,1.91,1.92,1.92,0.0,0.0,22331.0,4284.006
002052.SZ,20231225,1.91,1.93,1.9,1.92,1.91,0.01,0.5236,15682.0,3005.865
002052.SZ,20231222,1.96,1.96,1.88,1.91,1.95,-0.04,-2.0513,39335.0,7550.173
002052.SZ,20231221,1.9,1.95,1.9,1.95,1.89,0.06,3.1746,33694.94,6484.444
002052.SZ,20231220,1.93,1.97,1.89,1.89,1.93,-0.04,-2.0725,49828.0,9646.686
002052.SZ,20231219,1.89,1.94,1.88,1.93,1.88,0.05,2.6596,50826.0,9724.942
002052.SZ,20231218,1.9,1.9,1.87,1.88,1.87,0.01,0.5348,28302.52,5346.552
002052.SZ,20231215,1.88,1.9,1.86,1.87,1.87,0.0,0.0,20897.0,3932.167
002052.SZ,20231214,1.89,1.9,1.86,1.87,1.88,-0.01,-0.5319,21441.0,4034.793
002052.SZ,20231213,1.9,1.91,1.87,1.88,1.89,-0.01,-0.5291,17319.0,3265.677
002052.SZ,20231212,1.87,1.9,1.87,1.89,1.87,0.02,1.0695,37688.0,7134.943
002052.SZ,20231211,1.82,1.88,1.81,1.87,1.83,0.04,2.1858,48321.1,8919.455
002052.SZ,20231208,1.79,1.84,1.79,1.83,1.8,0.03,1.6667,25400.0,4630.827
002052.SZ,20231207,1.82,1.83,1.8,1.8,1.82,-0.02,-1.0989,21424.0,3881.492
002052.SZ,20231206,1.79,1.82,1.79,1.82,1.8,0.02,1.1111,23980.0,4343.726
002052.SZ,20231205,1.81,1.86,1.77,1.8,1.82,-0.02,-1.0989,55347.2,10027.806
002052.SZ,20231204,1.85,1.86,1.82,1.82,1.84,-0.02,-1.087,26324.14,4833.389
002052.SZ,20231201,1.84,1.86,1.83,1.84,1.84,0.0,0.0,26988.0,4968.003
002052.SZ,20231130,1.88,1.88,1.84,1.84,1.87,-0.03,-1.6043,26675.0,4940.364
002052.SZ,20231129,1.91,1.91,1.87,1.87,1.91,-0.04,-2.0942,31184.0,5878.276
002052.SZ,20231128,1.89,1.91,1.89,1.91,1.9,0.01,0.5263,31596.0,5990.74
002052.SZ,20231127,1.87,1.92,1.87,1.9,1.88,0.02,1.0638,54427.0,10305.635
002052.SZ,20231124,1.9,1.91,1.87,1.88,1.89,-0.01,-0.5291,45477.02,8571.111
002052.SZ,20231123,1.9,1.93,1.86,1.89,1.89,0.0,0.0,55974.79,10591.358
002052.SZ,20231122,1.86,1.93,1.84,1.89,1.87,0.02,1.0695,95381.74,18013.446
002052.SZ,20231121,1.84,1.94,1.8,1.87,1.85,0.02,1.0811,159570.52,29556.211
002052.SZ,20231120,1.83,1.85,1.81,1.85,1.76,0.09,5.1136,140567.75,25848.117
002052.SZ,20231117,1.69,1.76,1.69,1.76,1.68,0.08,4.7619,58136.1,10124.105
002052.SZ,20231116,1.67,1.7,1.66,1.68,1.67,0.01,0.5988,36340.2,6122.577
002052.SZ,20231115,1.68,1.69,1.66,1.67,1.68,-0.01,-0.5952,40788.42,6809.873
002052.SZ,20231114,1.69,1.69,1.67,1.68,1.68,0.0,0.0,19452.0,3257.537
002052.SZ,20231113,1.68,1.69,1.66,1.68,1.69,-0.01,-0.5917,37901.9,6347.361
002052.SZ,20231110,1.66,1.69,1.65,1.69,1.67,0.02,1.1976,19340.9,3240.408
002052.SZ,20231109,1.7,1.7,1.66,1.67,1.7,-0.03,-1.7647,38238.0,6426.372
002052.SZ,20231108,1.69,1.72,1.69,1.7,1.69,0.01,0.5917,27247.0,4637.536
002052.SZ,20231107,1.7,1.7,1.68,1.69,1.7,-0.01,-0.5882,29882.0,5044.04
002052.SZ,20231106,1.68,1.72,1.67,1.7,1.65,0.05,3.0303,47197.64,7976.687
002052.SZ,20231103,1.64,1.67,1.64,1.65,1.64,0.01,0.6098,26374.6,4370.994
002052.SZ,20231102,1.69,1.7,1.64,1.64,1.68,-0.04,-2.381,49971.0,8293.505
002052.SZ,20231101,1.65,1.7,1.64,1.68,1.65,0.03,1.8182,50169.0,8386.475
002052.SZ,20231031,1.63,1.69,1.63,1.65,1.63,0.02,1.227,46981.0,7775.486
002052.SZ,20231030,1.62,1.65,1.6,1.63,1.63,0.0,0.0,36621.6,5938.393
002052.SZ,20231027,1.62,1.65,1.61,1.63,1.62,0.01,0.6173,41205.0,6715.27
002052.SZ,20231026,1.62,1.65,1.6,1.62,1.65,-0.03,-1.8182,39896.0,6452.763
002052.SZ,20231025,1.58,1.66,1.58,1.65,1.58,0.07,4.4304,43753.0,7149.802
002052.SZ,20231024,1.58,1.59,1.55,1.58,1.55,0.03,1.9355,33681.62,5295.558
002052.SZ,20231023,1.63,1.63,1.55,1.55,1.63,-0.08,-4.908,45697.0,7256.913
002052.SZ,20231020,1.57,1.63,1.53,1.63,1.59,0.04,2.5157,62933.0,10050.655
002052.SZ,20231019,1.65,1.67,1.59,1.59,1.67,-0.08,-4.7904,119481.0,19268.388
002052.SZ,20231018,1.76,1.76,1.67,1.67,1.76,-0.09,-5.1136,131705.0,22094.797
002052.SZ,20231017,1.82,1.82,1.76,1.76,1.82,-0.06,-3.2967,58007.0,10415.301
002052.SZ,20231016,1.84,1.84,1.8,1.82,1.84,-0.02,-1.087,57245.0,10368.934
002052.SZ,20231013,1.85,1.86,1.83,1.84,1.85,-0.01,-0.5405,20582.0,3792.128
002052.SZ,20231012,1.85,1.86,1.85,1.85,1.86,-0.01,-0.5376,20140.0,3729.5
002052.SZ,20231011,1.88,1.88,1.85,1.86,1.87,-0.01,-0.5348,29887.0,5541.193
002052.SZ,20231010,1.86,1.88,1.86,1.87,1.86,0.01,0.5376,21001.02,3927.659
002052.SZ,20231009,1.89,1.89,1.85,1.86,1.89,-0.03,-1.5873,45038.0,8396.081
002052.SZ,20230928,1.85,1.89,1.84,1.89,1.84,0.05,2.7174,29958.6,5594.191
002052.SZ,20230927,1.87,1.87,1.84,1.84,1.86,-0.02,-1.0753,49839.0,9239.228
002052.SZ,20230926,1.88,1.88,1.86,1.86,1.88,-0.02,-1.0638,36622.07,6850.669
002052.SZ,20230925,1.9,1.91,1.88,1.88,1.91,-0.03,-1.5707,39063.04,7389.577
002052.SZ,20230922,1.92,1.95,1.91,1.91,1.92,-0.01,-0.5208,41748.0,8048.17
002052.SZ,20230921,1.93,1.93,1.9,1.92,1.94,-0.02,-1.0309,43962.0,8417.925
002052.SZ,20230920,1.94,1.96,1.93,1.94,1.94,0.0,0.0,92701.01,17994.915
002052.SZ,20230919,1.92,1.95,1.91,1.94,1.93,0.01,0.5181,50886.0,9816.607
002052.SZ,20230918,1.93,1.94,1.9,1.93,1.93,0.0,0.0,55656.0,10682.179
002052.SZ,20230915,1.91,1.93,1.9,1.93,1.91,0.02,1.0471,54532.0,10443.325
002052.SZ,20230914,1.88,1.92,1.88,1.91,1.88,0.03,1.5957,58026.24,11015.773
002052.SZ,20230913,1.89,1.89,1.87,1.88,1.89,-0.01,-0.5291,22153.6,4171.206
002052.SZ,20230912,1.89,1.9,1.88,1.89,1.88,0.01,0.5319,24112.6,4563.417
002052.SZ,20230911,1.91,1.91,1.88,1.88,1.91,-0.03,-1.5707,29879.0,5651.677
002052.SZ,20230908,1.89,1.91,1.88,1.91,1.89,0.02,1.0582,42328.0,8015.17
002052.SZ,20230907,1.89,1.9,1.88,1.89,1.89,0.0,0.0,42640.2,8040.275
002052.SZ,20230906,1.89,1.9,1.88,1.89,1.89,0.0,0.0,28411.0,5369.976
002052.SZ,20230905,1.91,1.91,1.88,1.89,1.91,-0.02,-1.0471,52783.0,9973.846
002052.SZ,20230904,1.91,1.92,1.89,1.91,1.91,0.0,0.0,57602.2,10968.569
002052.SZ,20230901,1.89,1.92,1.88,1.91,1.89,0.02,1.0582,41367.0,7867.68
002052.SZ,20230831,1.92,1.93,1.89,1.89,1.92,-0.03,-1.5625,30371.0,5778.255
002052.SZ,20230830,1.91,1.93,1.91,1.92,1.91,0.01,0.5236,16712.0,3204.377
002052.SZ,20230829,1.87,1.92,1.87,1.91,1.88,0.03,1.5957,38591.0,7340.939
002052.SZ,20230828,1.93,1.93,1.87,1.88,1.87,0.01,0.5348,60134.0,11403.548
002052.SZ,20230825,1.9,1.91,1.87,1.87,1.91,-0.04,-2.0942,51312.0,9712.475
002052.SZ,20230824,1.92,1.93,1.9,1.91,1.92,-0.01,-0.5208,35846.0,6866.178
002052.SZ,20230823,1.91,1.93,1.9,1.92,1.92,0.0,0.0,35141.0,6727.652
002052.SZ,20230822,1.92,1.94,1.88,1.92,1.92,0.0,0.0,71430.22,13690.965
002052.SZ,20230821,1.96,1.97,1.92,1.92,1.96,-0.04,-2.0408,53257.0,10342.705
002052.SZ,20230818,1.95,1.99,1.94,1.96,1.95,0.01,0.5128,83886.0,16546.851
002052.SZ,20230817,1.95,1.96,1.91,1.95,1.96,-0.01,-0.5102,57808.0,11182.487
002052.SZ,20230816,1.95,1.98,1.94,1.96,1.96,0.0,0.0,73486.0,14392.885
002052.SZ,20230815,1.91,1.98,1.9,1.96,1.92,0.04,2.0833,110336.0,21514.556
002052.SZ,20230814,1.89,1.92,1.87,1.92,1.9,0.02,1.0526,41992.0,7971.479
002052.SZ,20230811,1.92,1.93,1.89,1.9,1.92,-0.02,-1.0417,49699.0,9489.96
002052.SZ,20230810,1.9,1.94,1.89,1.92,1.91,0.01,0.5236,55043.0,10560.742
002052.SZ,20230809,1.91,1.92,1.89,1.91,1.9,0.01,0.5263,34166.0,6507.356
002052.SZ,20230808,1.89,1.92,1.89,1.9,1.89,0.01,0.5291,36027.0,6838.627
002052.SZ,20230807,1.93,1.93,1.88,1.89,1.93,-0.04,-2.0725,45621.0,8655.914
002052.SZ,20230804,1.97,1.97,1.91,1.93,1.98,-0.05,-2.5253,83508.0,16131.041
002052.SZ,20230803,1.94,2.0,1.93,1.98,1.95,0.03,1.5385,90558.82,17851.169
002052.SZ,20230802,1.94,1.97,1.92,1.95,1.95,0.0,0.0,73507.1,14235.091
002052.SZ,20230801,1.91,1.95,1.9,1.95,1.91,0.04,2.0942,87046.0,16787.93
002052.SZ,20230731,1.89,1.92,1.88,1.91,1.9,0.01,0.5263,56949.82,10813.464
002052.SZ,20230728,1.89,1.91,1.89,1.9,1.9,0.0,0.0,33701.82,6397.942
002052.SZ,20230727,1.89,1.9,1.88,1.9,1.9,0.0,0.0,27892.0,5271.558
002052.SZ,20230726,1.89,1.9,1.87,1.9,1.89,0.01,0.5291,28679.0,5415.799
002052.SZ,20230725,1.9,1.9,1.88,1.89,1.89,0.0,0.0,25816.0,4880.561
002052.SZ,20230724,1.87,1.9,1.86,1.89,1.87,0.02,1.0695,33054.0,6222.94
002052.SZ,20230721,1.88,1.89,1.85,1.87,1.88,-0.01,-0.5319,33765.82,6295.974
002052.SZ,20230720,1.9,1.9,1.87,1.88,1.89,-0.01,-0.5291,25466.0,4792.161
002052.SZ,20230719,1.89,1.9,1.88,1.89,1.9,-0.01,-0.5263,22754.82,4286.781
002052.SZ,20230718,1.88,1.9,1.86,1.9,1.88,0.02,1.0638,30213.0,5694.561
002052.SZ,20230717,1.86,1.89,1.84,1.88,1.91,-0.03,-1.5707,55366.0,10327.021
002052.SZ,20230714,1.87,1.91,1.86,1.91,1.88,0.03,1.5957,43226.21,8172.097
002052.SZ,20230713,1.88,1.91,1.86,1.88,1.9,-0.02,-1.0526,70467.22,13233.456
002052.SZ,20230712,1.93,1.94,1.88,1.9,1.93,-0.03,-1.5544,49545.0,9418.391
002052.SZ,20230711,1.89,1.95,1.87,1.93,1.89,0.04,2.1164,68175.2,13045.026
002052.SZ,20230710,1.91,1.92,1.88,1.89,1.91,-0.02,-1.0471,53572.0,10121.924
002052.SZ,20230707,1.95,1.95,1.89,1.91,1.95,-0.04,-2.0513,68626.21,13167.902
002052.SZ,20230706,1.96,1.97,1.93,1.95,1.96,-0.01,-0.5102,39811.0,7769.522
002052.SZ,20230705,2.0,2.0,1.95,1.96,2.0,-0.04,-2.0,62768.0,12319.623
002052.SZ,20230704,1.95,2.0,1.93,2.0,1.95,0.05,2.5641,64385.0,12686.838
002052.SZ,20230703,1.91,1.95,1.91,1.95,1.9,0.05,2.6316,41521.4,8027.722
002052.SZ,20230630,1.88,1.91,1.87,1.9,1.88,0.02,1.0638,32076.0,6065.461
002052.SZ,20230629,1.91,1.91,1.88,1.88,1.91,-0.03,-1.5707,32228.8,6074.551
002052.SZ,20230628,1.92,1.93,1.88,1.91,1.91,0.0,0.0,39603.8,7522.559
002052.SZ,20230627,1.84,1.91,1.84,1.91,1.84,0.07,3.8043,42752.8,8036.333
002052.SZ,20230626,1.87,1.89,1.83,1.84,1.88,-0.04,-2.1277,52263.2,9683.893
002052.SZ,20230621,1.88,1.9,1.86,1.88,1.87,0.01,0.5348,26251.22,4955.573
002052.SZ,20230620,1.91,1.91,1.85,1.87,1.9,-0.03,-1.5789,46768.2,8735.622
002052.SZ,20230619,1.95,1.96,1.88,1.9,1.96,-0.06,-3.0612,69342.0,13305.874
002052.SZ,20230616,1.95,1.97,1.93,1.96,1.94,0.02,1.0309,34386.0,6715.808
002052.SZ,20230615,1.96,2.0,1.93,1.94,1.96,-0.02,-1.0204,38073.0,7422.383
002052.SZ,20230614,1.91,2.0,1.91,1.96,1.91,0.05,2.6178,62883.84,12291.686
002052.SZ,20230613,1.88,1.96,1.87,1.91,1.88,0.03,1.5957,48221.0,9285.564
002052.SZ,20230612,1.88,1.9,1.85,1.88,1.86,0.02,1.0753,29506.0,5541.832
002052.SZ,20230609,1.87,1.89,1.85,1.86,1.87,-0.01,-0.5348,31616.0,5908.544
002052.SZ,20230608,1.91,1.92,1.84,1.87,1.91,-0.04,-2.0942,51955.19,9725.596
002052.SZ,20230607,1.82,1.91,1.82,1.91,1.82,0.09,4.9451,71341.0,13411.47
002052.SZ,20230606,1.9,1.91,1.82,1.82,1.91,-0.09,-4.712,85792.0,15937.228
002052.SZ,20230605,1.92,1.94,1.89,1.91,1.92,-0.01,-0.5208,43560.01,8339.676
002052.SZ,20230602,1.93,1.95,1.91,1.92,1.94,-0.02,-1.0309,54981.0,10571.4
002052.SZ,20230601,1.91,1.94,1.85,1.94,1.91,0.03,1.5707,49500.99,9374.754
002052.SZ,20230531,1.97,1.99,1.9,1.91,1.99,-0.08,-4.0201,78876.0,15178.044
002052.SZ,20230530,1.99,2.04,1.97,1.99,1.98,0.01,0.5051,44782.0,8908.159
002052.SZ,20230529,1.97,2.01,1.96,1.98,2.01,-0.03,-1.4925,40670.0,8044.625
002052.SZ,20230526,2.01,2.03,1.98,2.01,2.01,0.0,0.0,40043.0,8009.858
002052.SZ,20230525,2.03,2.06,1.98,2.01,2.04,-0.03,-1.4706,53424.93,10784.707
002052.SZ,20230524,2.04,2.08,2.02,2.04,2.05,-0.01,-0.4878,57153.0,11697.75
002052.SZ,20230523,1.97,2.06,1.95,2.05,2.0,0.05,2.5,75504.0,15229.681
002052.SZ,20230522,2.07,2.08,2.0,2.0,2.1,-0.1,-4.7619,134362.0,26971.315
002052.SZ,20230519,2.09,2.11,2.07,2.1,2.1,0.0,0.0,44213.6,9249.552
002052.SZ,20230518,2.16,2.18,2.1,2.1,2.17,-0.07,-3.2258,65016.0,13882.719
002052.SZ,20230517,2.18,2.24,2.15,2.17,2.2,-0.03,-1.3636,63632.0,13959.851
002052.SZ,20230516,2.19,2.22,2.15,2.2,2.21,-0.01,-0.4525,79186.0,17282.715
002052.SZ,20230515,2.1,2.21,2.09,2.21,2.1,0.11,5.2381,106454.14,23039.381
002052.SZ,20230512,2.06,2.11,2.06,2.1,2.08,0.02,0.9615,58562.6,12183.748
002052.SZ,20230511,2.08,2.11,2.06,2.08,2.07,0.01,0.4831,60229.0,12551.312
002052.SZ,20230510,2.06,2.13,2.03,2.07,2.07,0.0,0.0,77377.0,16061.433
002052.SZ,20230509,2.07,2.14,2.07,2.07,2.18,-0.11,-5.0459,157751.0,32908.842
002052.SZ,20230508,2.39,2.39,2.17,2.18,2.28,-0.1,-4.386,219862.22,49694.849
002052.SZ,20230505,2.28,2.28,2.28,2.28,2.17,0.11,5.0691,8153.8,1859.066
002052.SZ,20230504,2.17,2.17,2.17,2.17,2.07,0.1,4.8309,5598.03,1214.773
002052.SZ,20230427,2.1,2.15,2.04,2.07,2.1,-0.03,-1.4286,68475.0,14288.579
002052.SZ,20230426,2.13,2.18,2.04,2.1,2.13,-0.03,-1.4085,92871.07,19530.685
002052.SZ,20230425,2.25,2.27,2.13,2.13,2.24,-0.11,-4.9107,108535.0,23491.392
002052.SZ,20230424,2.19,2.27,2.17,2.24,2.21,0.03,1.3575,88466.0,19782.695
002052.SZ,20230421,2.26,2.3,2.21,2.21,2.33,-0.12,-5.1502,161139.0,36120.275
002052.SZ,20230420,2.33,2.38,2.25,2.33,2.34,-0.01,-0.4274,158309.28,36528.988
002052.SZ,20230419,2.2,2.34,2.2,2.34,2.23,0.11,4.9327,190763.28,43758.398
002052.SZ,20230418,2.18,2.27,2.17,2.23,2.17,0.06,2.765,143088.0,31859.209
002052.SZ,20230417,2.09,2.19,2.07,2.17,2.09,0.08,3.8278,118932.0,25686.186
002052.SZ,20230414,2.06,2.13,2.03,2.09,2.08,0.01,0.4808,63513.0,13144.066
002052.SZ,20230413,2.09,2.16,2.05,2.08,2.08,0.0,0.0,136441.01,28646.974
002052.SZ,20230412,2.08,2.08,2.08,2.08,1.98,0.1,5.0505,35972.0,7482.176
002052.SZ,20230411,1.94,1.98,1.87,1.98,1.95,0.03,1.5385,67485.9,12998.975
002052.SZ,20230410,2.07,2.08,1.95,1.95,2.05,-0.1,-4.878,143469.61,28400.626
002052.SZ,20230407,2.02,2.08,2.02,2.05,2.04,0.01,0.4902,55275.01,11292.735
002052.SZ,20230406,2.08,2.09,2.03,2.04,2.1,-0.06,-2.8571,105811.02,21649.076
002052.SZ,20230404,2.07,2.15,2.04,2.1,2.06,0.04,1.9417,128212.02,26908.516
002052.SZ,20230403,2.07,2.11,2.0,2.06,2.1,-0.04,-1.9048,190303.33,38953.749
002052.SZ,20230331,2.17,2.17,2.04,2.1,2.07,0.03,1.4493,294781.86,62411.749
002052.SZ,20230330,1.99,2.07,1.98,2.07,1.97,0.1,5.0761,168437.92,34706.575
002052.SZ,20230329,1.83,1.97,1.8,1.97,1.88,0.09,4.7872,132102.54,25183.522
002052.SZ,20230328,1.8,1.89,1.78,1.88,1.8,0.08,4.4444,113870.32,21287.373
002052.SZ,20230327,1.9,1.91,1.79,1.8,1.88,-0.08,-4.2553,188709.0,34117.218
002052.SZ,20230324,1.95,1.95,1.86,1.88,1.94,-0.06,-3.0928,65841.0,12452.197
002052.SZ,20230323,1.94,2.04,1.93,1.94,1.95,-0.01,-0.5128,91774.0,18038.465
002052.SZ,20230322,1.87,1.95,1.87,1.95,1.86,0.09,4.8387,53273.0,10261.107
002052.SZ,20230321,1.83,1.89,1.82,1.86,1.83,0.03,1.6393,58496.0,10882.734
002052.SZ,20230320,1.94,1.96,1.82,1.83,1.92,-0.09,-4.6875,135715.2,25137.771
002052.SZ,20230317,1.92,1.97,1.9,1.92,1.96,-0.04,-2.0408,82705.0,15987.825
002052.SZ,20230316,2.0,2.04,1.94,1.96,2.02,-0.06,-2.9703,76111.02,15010.943
002052.SZ,20230315,2.03,2.07,2.02,2.02,2.04,-0.02,-0.9804,61322.16,12536.282
002052.SZ,20230314,2.08,2.1,2.01,2.04,2.11,-0.07,-3.3175,112025.02,22955.652
002052.SZ,20230313,2.22,2.22,2.07,2.11,2.16,-0.05,-2.3148,163334.02,34948.262
002052.SZ,20230310,2.07,2.16,2.03,2.16,2.06,0.1,4.8544,212655.03,45193.729
002052.SZ,20230309,2.05,2.1,1.99,2.06,2.04,0.02,0.9804,180663.0,37036.074
002052.SZ,20230308,1.95,2.04,1.94,2.04,1.94,0.1,5.1546,187469.08,37969.135
002052.SZ,20230307,1.98,2.04,1.93,1.94,1.95,-0.01,-0.5128,124304.0,24531.42
002052.SZ,20230306,1.88,1.95,1.87,1.95,1.86,0.09,4.8387,111619.01,21634.198
002052.SZ,20230303,1.88,1.89,1.85,1.86,1.9,-0.04,-2.1053,44695.49,8348.93
002052.SZ,20230302,1.82,1.91,1.82,1.9,1.82,0.08,4.3956,87447.0,16457.791
002052.SZ,20230301,1.77,1.83,1.76,1.82,1.78,0.04,2.2472,49223.0,8887.516
002052.SZ,20230228,1.77,1.84,1.77,1.78,1.76,0.02,1.1364,61367.01,11038.128
002052.SZ,20230227,1.82,1.82,1.74,1.76,1.82,-0.06,-3.2967,81396.0,14460.811
002052.SZ,20230224,1.81,1.84,1.79,1.82,1.82,0.0,0.0,63938.02,11592.39
002052.SZ,20230223,1.82,1.86,1.79,1.82,1.88,-0.06,-3.1915,146786.3,26688.811
002052.SZ,20230222,1.8,1.88,1.8,1.88,1.79,0.09,5.0279,130562.68,24460.597
002052.SZ,20230221,1.84,1.84,1.79,1.79,1.83,-0.04,-2.1858,55484.0,10088.324
002052.SZ,20230220,1.83,1.87,1.79,1.83,1.85,-0.02,-1.0811,79564.61,14489.758
002052.SZ,20230217,1.86,1.88,1.8,1.85,1.85,0.0,0.0,75623.99,13880.551
002052.SZ,20230216,1.93,1.94,1.84,1.85,1.94,-0.09,-4.6392,124550.08,23212.866
002052.SZ,20230215,2.0,2.01,1.94,1.94,1.92,0.02,1.0417,96750.2,19051.001
002052.SZ,20230214,1.92,1.97,1.92,1.92,2.02,-0.1,-4.9505,67543.0,13001.582
002052.SZ,20230213,2.0,2.04,2.0,2.02,1.98,0.04,2.0202,77044.01,15559.377
002052.SZ,20230210,1.95,2.0,1.93,1.98,1.95,0.03,1.5385,72926.0,14386.491
002052.SZ,20230209,1.88,1.97,1.85,1.95,1.88,0.07,3.7234,96166.0,18359.506
002052.SZ,20230208,1.93,1.98,1.84,1.88,1.93,-0.05,-2.5907,182327.0,34683.404
002052.SZ,20230207,1.85,1.93,1.81,1.93,1.84,0.09,4.8913,203016.43,37959.279
002052.SZ,20230206,1.71,1.84,1.71,1.84,1.75,0.09,5.1429,276271.08,50068.342
002052.SZ,20230203,1.74,1.83,1.74,1.75,1.83,-0.08,-4.3716,322088.74,56353.91
002052.SZ,20230202,1.83,1.83,1.83,1.83,1.93,-0.1,-5.1813,21441.0,3923.703
002052.SZ,20230201,1.93,1.93,1.93,1.93,2.03,-0.1,-4.9261,34323.0,6624.339
002052.SZ,20230131,2.03,2.08,2.03,2.03,2.14,-0.11,-5.1402,103748.0,21164.232
002052.SZ,20230130,2.06,2.14,2.02,2.14,2.04,0.1,4.902,73779.1,15362.812
002052.SZ,20230120,2.05,2.07,2.03,2.04,2.05,-0.01,-0.4878,45155.56,9245.986
002052.SZ,20230119,2.08,2.11,2.05,2.05,2.07,-0.02,-0.9662,52009.0,10787.168
002052.SZ,20230118,2.03,2.1,2.03,2.07,2.04,0.03,1.4706,57530.16,11924.998
002052.SZ,20230117,2.06,2.11,2.04,2.04,2.15,-0.11,-5.1163,200778.1,41329.553
002052.SZ,20230116,2.15,2.32,2.15,2.15,2.26,-0.11,-4.8673,317230.0,68821.503
002052.SZ,20230113,2.26,2.26,2.26,2.26,2.38,-0.12,-5.042,6815.0,1540.19
002052.SZ,20230112,2.38,2.38,2.38,2.38,2.5,-0.12,-4.8,4263.0,1014.594
002052.SZ,20230111,2.5,2.5,2.5,2.5,2.63,-0.13,-4.943,3650.0,912.5
002052.SZ,20230110,2.63,2.63,2.63,2.63,2.77,-0.14,-5.0542,3536.0,929.968
002052.SZ,20230109,2.73,2.85,2.73,2.77,2.71,0.06,2.214,72309.0,20159.959
002052.SZ,20230106,2.64,2.72,2.61,2.71,2.63,0.08,3.0418,54863.08,14732.975
002052.SZ,20230105,2.54,2.64,2.52,2.63,2.55,0.08,3.1373,42837.0,11098.836
002052.SZ,20230104,2.54,2.56,2.51,2.55,2.57,-0.02,-0.7782,24241.95,6155.334
002052.SZ,20230103,2.59,2.59,2.55,2.57,2.59,-0.02,-0.7722,24442.0,6273.865
002052.SZ,20221230,2.57,2.69,2.53,2.59,2.57,0.02,0.7782,38113.2,9928.067
002052.SZ,20221229,2.46,2.57,2.45,2.57,2.45,0.12,4.898,49934.58,12522.017
002052.SZ,20221228,2.51,2.51,2.45,2.45,2.51,-0.06,-2.3904,32095.0,7919.283
002052.SZ,20221227,2.57,2.57,2.48,2.51,2.57,-0.06,-2.3346,39131.0,9862.309
002052.SZ,20221226,2.49,2.58,2.46,2.57,2.47,0.1,4.0486,41298.0,10411.279
002052.SZ,20221223,2.57,2.57,2.44,2.47,2.56,-0.09,-3.5156,50099.0,12535.855
002052.SZ,20221222,2.65,2.65,2.56,2.56,2.62,-0.06,-2.2901,48808.03,12639.507
002052.SZ,20221221,2.69,2.69,2.61,2.62,2.7,-0.08,-2.963,30578.0,8116.393
002052.SZ,20221220,2.68,2.72,2.67,2.7,2.67,0.03,1.1236,21845.0,5881.718
002052.SZ,20221219,2.81,2.81,2.65,2.67,2.78,-0.11,-3.9568,42219.0,11395.597
002052.SZ,20221216,2.87,2.88,2.75,2.78,2.84,-0.06,-2.1127,50321.94,14068.138
002052.SZ,20221215,2.81,2.91,2.8,2.84,2.86,-0.02,-0.6993,44662.0,12751.231
002052.SZ,20221214,2.99,3.01,2.85,2.86,2.99,-0.13,-4.3478,83530.0,24273.004
002052.SZ,20221213,3.02,3.09,2.91,2.99,2.99,0.0,0.0,95168.0,28606.479
002052.SZ,20221212,2.88,2.99,2.83,2.99,2.85,0.14,4.9123,56603.0,16425.487
002052.SZ,20221209,2.82,2.92,2.8,2.85,2.84,0.01,0.3521,54534.12,15579.153
002052.SZ,20221208,2.81,2.97,2.8,2.84,2.85,-0.01,-0.3509,87484.0,25085.777
002052.SZ,20221207,2.85,2.93,2.79,2.85,2.87,-0.02,-0.6969,102641.13,29198.959
002052.SZ,20221206,2.87,3.06,2.84,2.87,2.92,-0.05,-1.7123,215821.12,63425.256
002052.SZ,20221205,2.92,2.92,2.78,2.92,2.78,0.14,5.036,305262.37,88177.394
002052.SZ,20221202,2.78,2.78,2.75,2.78,2.65,0.13,4.9057,51810.0,14400.056
002052.SZ,20221201,2.52,2.65,2.5,2.65,2.52,0.13,5.1587,68608.15,17712.574
002052.SZ,20221130,2.49,2.53,2.47,2.52,2.49,0.03,1.2048,33982.0,8540.92
002052.SZ,20221129,2.5,2.5,2.47,2.49,2.44,0.05,2.0492,28059.08,6981.167
002052.SZ,20221128,2.44,2.44,2.4,2.44,2.45,-0.01,-0.4082,19020.02,4618.718
002052.SZ,20221125,2.46,2.47,2.44,2.45,2.47,-0.02,-0.8097,24308.0,5956.773
002052.SZ,20221124,2.47,2.5,2.47,2.47,2.48,-0.01,-0.4032,14107.62,3506.904
002052.SZ,20221123,2.46,2.49,2.44,2.48,2.48,0.0,0.0,25213.0,6204.919
002052.SZ,20221122,2.47,2.51,2.47,2.48,2.5,-0.02,-0.8,26553.0,6581.351
002052.SZ,20221121,2.51,2.52,2.47,2.5,2.51,-0.01,-0.3984,21975.01,5474.402
002052.SZ,20221118,2.5,2.56,2.5,2.51,2.51,0.0,0.0,30649.94,7738.204
002052.SZ,20221117,2.46,2.53,2.45,2.51,2.45,0.06,2.449,35064.5,8774.16
002052.SZ,20221116,2.47,2.47,2.44,2.45,2.48,-0.03,-1.2097,27082.94,6645.651
002052.SZ,20221115,2.47,2.49,2.46,2.48,2.47,0.01,0.4049,20725.0,5121.833
002052.SZ,20221114,2.47,2.5,2.46,2.47,2.47,0.0,0.0,22142.6,5469.516
002052.SZ,20221111,2.53,2.53,2.4,2.47,2.52,-0.05,-1.9841,70287.26,17370.519
002052.SZ,20221110,2.53,2.55,2.5,2.52,2.53,-0.01,-0.3953,24309.08,6119.756
002052.SZ,20221109,2.48,2.53,2.47,2.53,2.47,0.06,2.4291,31044.0,7804.421
002052.SZ,20221108,2.5,2.5,2.45,2.47,2.5,-0.03,-1.2,26348.0,6512.493
002052.SZ,20221107,2.52,2.54,2.5,2.5,2.51,-0.01,-0.3984,40274.02,10133.342
002052.SZ,20221104,2.46,2.57,2.46,2.51,2.45,0.06,2.449,51638.0,13024.04
002052.SZ,20221103,2.44,2.47,2.42,2.45,2.44,0.01,0.4098,21765.0,5312.26
002052.SZ,20221102,2.43,2.46,2.41,2.44,2.42,0.02,0.8264,30881.0,7516.687
002052.SZ,20221101,2.41,2.44,2.39,2.42,2.4,0.02,0.8333,23112.51,5585.096
002052.SZ,20221031,2.39,2.43,2.38,2.4,2.39,0.01,0.4184,16079.0,3871.482
002052.SZ,20221028,2.43,2.46,2.39,2.39,2.44,-0.05,-2.0492,23283.6,5628.94
002052.SZ,20221027,2.38,2.46,2.37,2.44,2.38,0.06,2.521,24298.72,5872.694
002052.SZ,20221026,2.44,2.44,2.37,2.38,2.42,-0.04,-1.6529,27367.51,6543.83
002052.SZ,20221025,2.44,2.47,2.41,2.42,2.44,-0.02,-0.8197,13790.0,3344.904
002052.SZ,20221024,2.44,2.46,2.41,2.44,2.43,0.01,0.4115,23721.0,5792.398
002052.SZ,20221021,2.46,2.48,2.42,2.43,2.48,-0.05,-2.0161,22689.12,5539.066
002052.SZ,20221020,2.45,2.51,2.44,2.48,2.43,0.05,2.0576,30844.01,7644.97
002052.SZ,20221019,2.46,2.47,2.42,2.43,2.44,-0.01,-0.4098,26895.01,6567.547
002052.SZ,20221018,2.38,2.48,2.38,2.44,2.38,0.06,2.521,33837.01,8282.902
002052.SZ,20221017,2.37,2.38,2.36,2.38,2.37,0.01,0.4219,12488.0,2963.184
002052.SZ,20221014,2.36,2.38,2.36,2.37,2.36,0.01,0.4237,13537.0,3212.05
002052.SZ,20221013,2.36,2.4,2.35,2.36,2.38,-0.02,-0.8403,9067.0,2150.303
002052.SZ,20221012,2.35,2.38,2.34,2.38,2.35,0.03,1.2766,15746.0,3708.589
002052.SZ,20221011,2.36,2.39,2.28,2.35,2.35,0.0,0.0,23003.2,5372.494
002052.SZ,20221010,2.39,2.4,2.35,2.35,2.39,-0.04,-1.6736,16382.0,3899.358
002052.SZ,20220930,2.35,2.42,2.35,2.39,2.35,0.04,1.7021,16598.0,3967.486
002052.SZ,20220929,2.38,2.38,2.35,2.35,2.38,-0.03,-1.2605,10666.0,2516.026
002052.SZ,20220928,2.38,2.38,2.35,2.38,2.37,0.01,0.4219,18181.0,4298.496
002052.SZ,20220927,2.35,2.4,2.35,2.37,2.35,0.02,0.8511,16953.11,4021.613
002052.SZ,20220926,2.48,2.48,2.35,2.35,2.47,-0.12,-4.8583,55011.0,13085.732
002052.SZ,20220923,2.47,2.53,2.44,2.47,2.47,0.0,0.0,30864.4,7646.51
002052.SZ,20220922,2.48,2.55,2.46,2.47,2.5,-0.03,-1.2,37931.0,9475.13
002052.SZ,20220921,2.42,2.55,2.39,2.5,2.43,0.07,2.8807,69814.76,17336.084
002052.SZ,20220920,2.39,2.45,2.38,2.43,2.4,0.03,1.25,24344.0,5872.238
002052.SZ,20220919,2.4,2.41,2.37,2.4,2.4,0.0,0.0,20692.2,4956.158
002052.SZ,20220916,2.39,2.42,2.37,2.4,2.41,-0.01,-0.4149,12442.0,2971.474
002052.SZ,20220915,2.42,2.43,2.37,2.41,2.42,-0.01,-0.4132,21105.0,5071.393
002052.SZ,20220914,2.38,2.5,2.37,2.42,2.39,0.03,1.2552,49219.0,12013.893
002052.SZ,20220913,2.43,2.43,2.36,2.39,2.42,-0.03,-1.2397,23006.0,5517.596
002052.SZ,20220909,2.42,2.43,2.36,2.42,2.42,0.0,0.0,18956.62,4550.147
002052.SZ,20220908,2.46,2.47,2.4,2.42,2.46,-0.04,-1.626,25380.0,6156.48
002052.SZ,20220907,2.44,2.47,2.42,2.46,2.44,0.02,0.8197,25876.0,6345.248
002052.SZ,20220906,2.44,2.49,2.39,2.44,2.43,0.01,0.4115,60377.0,14784.845
002052.SZ,20220905,2.43,2.47,2.36,2.43,2.36,0.07,2.9661,64992.0,15669.698
002052.SZ,20220902,2.23,2.36,2.23,2.36,2.25,0.11,4.8889,62347.14,14565.881
002052.SZ,20220901,2.25,2.29,2.23,2.25,2.26,-0.01,-0.4425,18116.0,4085.602
002052.SZ,20220831,2.29,2.3,2.2,2.26,2.3,-0.04,-1.7391,35947.01,8078.91
002052.SZ,20220830,2.3,2.32,2.27,2.3,2.32,-0.02,-0.8621,20646.01,4747.179
002052.SZ,20220829,2.31,2.33,2.3,2.32,2.33,-0.01,-0.4292,17129.64,3975.52
002052.SZ,20220826,2.31,2.33,2.31,2.33,2.32,0.01,0.431,14297.0,3314.889
002052.SZ,20220825,2.33,2.35,2.29,2.32,2.33,-0.01,-0.4292,33213.2,7682.779
002052.SZ,20220824,2.35,2.35,2.29,2.33,2.35,-0.02,-0.8511,33837.0,7827.734
002052.SZ,20220823,2.32,2.36,2.3,2.35,2.32,0.03,1.2931,32380.0,7538.249
002052.SZ,20220822,2.42,2.42,2.3,2.32,2.4,-0.08,-3.3333,61765.0,14412.152
002052.SZ,20220819,2.45,2.47,2.33,2.4,2.45,-0.05,-2.0408,74150.0,17690.249
002052.SZ,20220818,2.47,2.47,2.42,2.45,2.45,0.0,0.0,17729.62,4329.452
002052.SZ,20220817,2.43,2.48,2.42,2.45,2.43,0.02,0.823,25109.0,6145.106
002052.SZ,20220816,2.47,2.47,2.4,2.43,2.46,-0.03,-1.2195,30085.1,7288.92
002052.SZ,20220815,2.46,2.47,2.42,2.46,2.47,-0.01,-0.4049,20055.1,4910.154
002052.SZ,20220812,2.45,2.48,2.44,2.47,2.47,0.0,0.0,30346.6,7447.654
002052.SZ,20220811,2.49,2.49,2.46,2.47,2.48,-0.01,-0.4032,15335.01,3795.114
002052.SZ,20220810,2.46,2.49,2.43,2.48,2.46,0.02,0.813,18757.08,4613.12
002052.SZ,20220809,2.42,2.46,2.41,2.46,2.45,0.01,0.4082,19090.0,4649.761
002052.SZ,20220808,2.45,2.46,2.39,2.45,2.48,-0.03,-1.2097,54252.67,13132.208
002052.SZ,20220805,2.49,2.6,2.44,2.48,2.48,0.0,0.0,133797.22,33874.969
002052.SZ,20220804,2.42,2.48,2.41,2.48,2.41,0.07,2.9046,64486.0,15760.473
002052.SZ,20220803,2.33,2.44,2.27,2.41,2.35,0.06,2.5532,56171.01,13458.812
002052.SZ,20220802,2.39,2.42,2.3,2.35,2.42,-0.07,-2.8926,95617.21,22454.695
002052.SZ,20220801,2.41,2.46,2.4,2.42,2.44,-0.02,-0.8197,41163.0,10023.67
002052.SZ,20220729,2.48,2.5,2.44,2.44,2.5,-0.06,-2.4,44449.0,10989.05
002052.SZ,20220728,2.51,2.53,2.5,2.5,2.51,-0.01,-0.3984,28220.0,7083.407
002052.SZ,20220727,2.54,2.54,2.5,2.51,2.55,-0.04,-1.5686,33438.0,8423.139
002052.SZ,20220726,2.53,2.56,2.48,2.55,2.53,0.02,0.7905,47466.5,11985.702
002052.SZ,20220725,2.47,2.55,2.47,2.53,2.49,0.04,1.6064,65626.09,16504.51
002052.SZ,20220722,2.49,2.5,2.43,2.49,2.45,0.04,1.6327,30889.0,7630.464
002052.SZ,20220721,2.5,2.5,2.45,2.45,2.48,-0.03,-1.2097,37091.0,9143.574
002052.SZ,20220720,2.49,2.52,2.44,2.48,2.48,0.0,0.0,62626.0,15499.854
002052.SZ,20220719,2.38,2.48,2.38,2.48,2.37,0.11,4.6414,86754.64,21127.067
002052.SZ,20220718,2.37,2.45,2.31,2.37,2.37,0.0,0.0,77358.0,18603.544
002052.SZ,20220715,2.34,2.38,2.27,2.37,2.34,0.03,1.2821,64487.3,15164.613
002052.SZ,20220714,2.36,2.41,2.34,2.34,2.36,-0.02,-0.8475,60260.0,14283.433
002052.SZ,20220713,2.46,2.46,2.36,2.36,2.48,-0.12,-4.8387,100700.8,24150.802
002052.SZ,20220712,2.49,2.54,2.44,2.48,2.48,0.0,0.0,41617.0,10329.655
002052.SZ,20220711,2.5,2.5,2.43,2.48,2.52,-0.04,-1.5873,59667.22,14681.116
002052.SZ,20220708,2.48,2.57,2.48,2.52,2.47,0.05,2.0243,44669.0,11302.401
002052.SZ,20220707,2.47,2.53,2.46,2.47,2.49,-0.02,-0.8032,54425.51,13521.078
002052.SZ,20220706,2.47,2.56,2.41,2.49,2.49,0.0,0.0,65282.81,16204.862
002052.SZ,20220705,2.39,2.52,2.39,2.49,2.4,0.09,3.75,98968.2,24644.373
002052.SZ,20220704,2.32,2.4,2.26,2.4,2.29,0.11,4.8035,87153.4,20456.962
002052.SZ,20220701,2.33,2.39,2.29,2.29,2.41,-0.12,-4.9793,151177.08,35026.361
002052.SZ,20220630,2.34,2.42,2.32,2.41,2.3,0.11,4.7826,130648.2,31332.622
002052.SZ,20220629,2.28,2.35,2.22,2.3,2.24,0.06,2.6786,145737.06,33593.956
002052.SZ,20220628,2.14,2.24,2.14,2.24,2.13,0.11,5.1643,64605.05,14370.947
002052.SZ,20220627,2.15,2.17,2.07,2.13,2.09,0.04,1.9139,71394.0,15202.013
002052.SZ,20220624,2.0,2.09,2.0,2.09,1.99,0.1,5.0251,48640.24,10094.118
002052.SZ,20220623,2.01,2.04,1.97,1.99,2.01,-0.02,-0.995,60052.0,11994.099
002052.SZ,20220622,1.91,2.01,1.89,2.01,1.91,0.1,5.2356,89127.04,17710.979
002052.SZ,20220621,1.94,1.95,1.91,1.91,1.95,-0.04,-2.0513,47247.0,9084.301
002052.SZ,20220620,1.93,1.96,1.89,1.95,1.94,0.01,0.5155,55535.82,10645.473
002052.SZ,20220617,2.04,2.07,1.92,1.94,2.01,-0.07,-3.4826,111672.44,22020.394
002052.SZ,20220616,1.89,2.01,1.87,2.01,1.91,0.1,5.2356,94389.8,18556.106
002052.SZ,20220615,1.9,1.94,1.86,1.91,1.85,0.06,3.2432,121775.2,23175.762
002052.SZ,20220614,1.77,1.85,1.75,1.85,1.76,0.09,5.1136,67208.41,12241.126
002052.SZ,20220613,1.72,1.8,1.72,1.76,1.74,0.02,1.1494,48158.41,8501.445
002052.SZ,20220610,1.72,1.75,1.71,1.74,1.72,0.02,1.1628,26507.2,4580.124
002052.SZ,20220609,1.74,1.75,1.71,1.72,1.74,-0.02,-1.1494,20700.02,3568.927
002052.SZ,20220608,1.73,1.75,1.7,1.74,1.73,0.01,0.578,34611.0,5931.911
002052.SZ,20220607,1.69,1.73,1.69,1.73,1.69,0.04,2.3669,33026.77,5656.745
002052.SZ,20220606,1.72,1.74,1.68,1.69,1.73,-0.04,-2.3121,67657.0,11518.458
002052.SZ,20220602,1.75,1.76,1.73,1.73,1.75,-0.02,-1.1429,25219.0,4392.973
002052.SZ,20220601,1.77,1.77,1.74,1.75,1.78,-0.03,-1.6854,21925.0,3848.125
002052.SZ,20220531,1.77,1.83,1.76,1.78,1.75,0.03,1.7143,30568.0,5464.847
002052.SZ,20220530,1.74,1.76,1.73,1.75,1.75,0.0,0.0,18611.0,3256.601
002052.SZ,20220527,1.76,1.76,1.73,1.75,1.75,0.0,0.0,18540.0,3226.16
002052.SZ,20220526,1.74,1.76,1.72,1.75,1.75,0.0,0.0,22048.01,3838.843
002052.SZ,20220525,1.67,1.77,1.66,1.75,1.69,0.06,3.5503,54529.0,9405.103
002052.SZ,20220524,1.72,1.74,1.69,1.69,1.73,-0.04,-2.3121,25003.0,4282.974
002052.SZ,20220523,1.74,1.76,1.71,1.73,1.74,-0.01,-0.5747,27922.0,4829.598
002052.SZ,20220520,1.75,1.81,1.73,1.74,1.76,-0.02,-1.1364,59657.0,10521.038
002052.SZ,20220519,1.71,1.79,1.71,1.76,1.74,0.02,1.1494,61815.0,10782.17
002052.SZ,20220518,1.74,1.82,1.7,1.74,1.73,0.01,0.578,98527.0,17494.616
002052.SZ,20220517,1.72,1.76,1.68,1.73,1.73,0.0,0.0,47191.0,8082.548
002052.SZ,20220516,1.73,1.76,1.72,1.73,1.73,0.0,0.0,25125.69,4384.095
002052.SZ,20220513,1.78,1.78,1.71,1.73,1.78,-0.05,-2.809,49313.0,8595.996
002052.SZ,20220512,1.78,1.83,1.71,1.78,1.75,0.03,1.7143,113066.1,20039.225
002052.SZ,20220511,1.75,1.75,1.7,1.75,1.67,0.08,4.7904,120045.86,20966.026
002052.SZ,20220510,1.6,1.67,1.58,1.67,1.59,0.08,5.0314,76175.83,12533.539
002052.SZ,20220509,1.59,1.66,1.55,1.59,1.59,0.0,0.0,63080.01,10163.826
002052.SZ,20220506,1.51,1.59,1.48,1.59,1.51,0.08,5.298,77525.06,11895.609
002052.SZ,20220505,1.44,1.51,1.41,1.51,1.44,0.07,4.8611,71164.82,10505.248
002052.SZ,20220429,1.44,1.49,1.39,1.44,1.46,-0.02,-1.3699,84454.0,12136.988
002052.SZ,20220428,1.53,1.56,1.46,1.46,1.54,-0.08,-5.1948,76446.91,11397.072
002052.SZ,20220427,1.53,1.6,1.53,1.54,1.61,-0.07,-4.3478,95345.91,14683.611
002052.SZ,20220426,1.64,1.65,1.61,1.61,1.69,-0.08,-4.7337,80825.0,13045.786
002052.SZ,20220425,1.7,1.7,1.59,1.69,1.62,0.07,4.321,258129.32,43539.874
002052.SZ,20220422,1.62,1.62,1.62,1.62,1.54,0.08,5.1948,4872.0,789.264
002052.SZ,20220421,1.45,1.54,1.45,1.54,1.47,0.07,4.7619,94090.02,14180.136
002052.SZ,20220419,1.47,1.47,1.47,1.47,1.55,-0.08,-5.1613,18262.0,2684.514
002052.SZ,20220418,1.55,1.55,1.55,1.55,1.63,-0.08,-4.908,8342.0,1293.01
002052.SZ,20220415,1.63,1.63,1.63,1.63,1.72,-0.09,-5.2326,16206.0,2641.578
002052.SZ,20220414,1.8,1.8,1.72,1.72,1.8,-0.08,-4.4444,44426.0,7765.913
002052.SZ,20220413,1.8,1.81,1.77,1.8,1.79,0.01,0.5587,22174.2,3968.392
002052.SZ,20220412,1.8,1.81,1.77,1.79,1.82,-0.03,-1.6484,19931.2,3569.84
002052.SZ,20220411,1.83,1.87,1.8,1.82,1.83,-0.01,-0.5464,26051.0,4760.127
002052.SZ,20220408,1.78,1.85,1.75,1.83,1.79,0.04,2.2346,45427.0,8147.012
002052.SZ,20220407,1.82,1.86,1.78,1.79,1.84,-0.05,-2.7174,32149.0,5835.515
002052.SZ,20220406,1.77,1.85,1.77,1.84,1.77,0.07,3.9548,46188.0,8414.863
002052.SZ,20220401,1.72,1.8,1.72,1.77,1.73,0.04,2.3121,35107.0,6202.555
002052.SZ,20220331,1.71,1.8,1.69,1.73,1.72,0.01,0.5814,49246.0,8639.063
002052.SZ,20220330,1.68,1.73,1.66,1.72,1.67,0.05,2.994,30658.0,5198.332
002052.SZ,20220329,1.66,1.67,1.64,1.67,1.66,0.01,0.6024,14312.0,2373.999
002052.SZ,20220328,1.67,1.67,1.64,1.66,1.67,-0.01,-0.5988,23179.3,3818.957
002052.SZ,20220325,1.67,1.68,1.66,1.67,1.67,0.0,0.0,13103.0,2188.978
002052.SZ,20220324,1.71,1.71,1.67,1.67,1.71,-0.04,-2.3392,18219.0,3061.853
002052.SZ,20220323,1.72,1.72,1.69,1.71,1.71,0.0,0.0,15345.01,2616.211
002052.SZ,20220322,1.73,1.73,1.7,1.71,1.73,-0.02,-1.1561,18629.0,3190.327
002052.SZ,20220321,1.73,1.75,1.71,1.73,1.73,0.0,0.0,14165.0,2448.695
002052.SZ,20220318,1.68,1.73,1.66,1.73,1.69,0.04,2.3669,23748.03,4041.234
002052.SZ,20220317,1.7,1.73,1.67,1.69,1.7,-0.01,-0.5882,35916.0,6113.773
002052.SZ,20220316,1.72,1.73,1.63,1.7,1.72,-0.02,-1.1628,48869.55,8178.078
002052.SZ,20220315,1.8,1.81,1.72,1.72,1.81,-0.09,-4.9724,67561.0,11758.567
002052.SZ,20220314,1.84,1.85,1.81,1.81,1.85,-0.04,-2.1622,23506.0,4286.339
002052.SZ,20220311,1.84,1.86,1.8,1.85,1.84,0.01,0.5435,18376.02,3366.681
002052.SZ,20220310,1.87,1.88,1.84,1.84,1.86,-0.02,-1.0753,16472.0,3057.391
002052.SZ,20220309,1.86,1.92,1.78,1.86,1.87,-0.01,-0.5348,46495.0,8592.62
002052.SZ,20220308,1.88,1.89,1.82,1.87,1.89,-0.02,-1.0582,34951.0,6517.653
002052.SZ,20220307,1.85,1.95,1.84,1.89,1.86,0.03,1.6129,68861.65,13146.996
002052.SZ,20220304,1.87,1.88,1.85,1.86,1.87,-0.01,-0.5348,16036.0,2983.699
002052.SZ,20220303,1.88,1.89,1.86,1.87,1.88,-0.01,-0.5319,21496.1,4029.493
002052.SZ,20220302,1.85,1.88,1.85,1.88,1.86,0.02,1.0753,26805.0,5002.506
002052.SZ,20220301,1.85,1.87,1.84,1.86,1.86,0.0,0.0,20793.47,3854.156
002052.SZ,20220228,1.81,1.86,1.81,1.86,1.83,0.03,1.6393,18483.0,3385.455
002052.SZ,20220225,1.84,1.85,1.81,1.83,1.83,0.0,0.0,20150.02,3692.808
002052.SZ,20220224,1.9,1.9,1.81,1.83,1.9,-0.07,-3.6842,53383.0,9897.77
002052.SZ,20220223,1.91,1.92,1.87,1.9,1.9,0.0,0.0,19320.0,3656.209
002052.SZ,20220222,1.91,1.91,1.88,1.9,1.91,-0.01,-0.5236,17757.0,3358.358
002052.SZ,20220221,1.9,1.95,1.88,1.91,1.9,0.01,0.5263,35057.0,6701.866
002052.SZ,20220218,1.9,1.91,1.88,1.9,1.89,0.01,0.5291,25102.65,4736.335
002052.SZ,20220217,1.9,1.92,1.89,1.89,1.9,-0.01,-0.5263,11388.0,2165.759
002052.SZ,20220216,1.92,1.94,1.9,1.9,1.92,-0.02,-1.0417,19244.8,3689.823
002052.SZ,20220215,1.94,1.95,1.9,1.92,1.93,-0.01,-0.5181,18906.01,3630.922
002052.SZ,20220214,1.88,1.96,1.87,1.93,1.89,0.04,2.1164,25592.55,4933.838
002052.SZ,20220211,1.92,1.97,1.87,1.89,1.92,-0.03,-1.5625,36819.0,7089.09
002052.SZ,20220210,1.92,1.98,1.91,1.92,1.91,0.01,0.5236,48444.0,9392.854
002052.SZ,20220209,1.82,1.91,1.81,1.91,1.82,0.09,4.9451,49202.0,9209.955
002052.SZ,20220208,1.78,1.84,1.77,1.82,1.78,0.04,2.2472,26386.0,4768.472
002052.SZ,20220207,1.86,1.87,1.78,1.78,1.87,-0.09,-4.8128,56186.0,10092.272
002052.SZ,20220128,1.85,1.89,1.83,1.87,1.85,0.02,1.0811,21911.47,4081.096
002052.SZ,20220127,1.89,1.93,1.85,1.85,1.91,-0.06,-3.1414,25714.0,4857.157
002052.SZ,20220126,1.88,1.92,1.87,1.91,1.87,0.04,2.139,24652.0,4684.115
002052.SZ,20220125,1.94,1.94,1.87,1.87,1.93,-0.06,-3.1088,37095.0,7016.638
002052.SZ,20220124,1.94,1.94,1.87,1.93,1.95,-0.02,-1.0256,34870.0,6660.213
002052.SZ,20220121,2.03,2.06,1.94,1.95,2.04,-0.09,-4.4118,74506.0,14666.763
002052.SZ,20220120,2.07,2.09,2.04,2.04,2.07,-0.03,-1.4493,19538.0,4017.055
002052.SZ,20220119,2.1,2.1,2.06,2.07,2.11,-0.04,-1.8957,21005.0,4360.972
002052.SZ,20220118,2.09,2.11,2.06,2.11,2.09,0.02,0.9569,30740.79,6412.513
002052.SZ,20220117,2.1,2.15,2.09,2.09,2.1,-0.01,-0.4762,30759.0,6501.871
002052.SZ,20220114,2.13,2.14,2.09,2.1,2.13,-0.03,-1.4085,24055.0,5087.438
002052.SZ,20220113,2.14,2.16,2.12,2.13,2.15,-0.02,-0.9302,24861.0,5311.983
002052.SZ,20220112,2.17,2.19,2.13,2.15,2.16,-0.01,-0.463,27168.92,5838.115
002052.SZ,20220111,2.12,2.19,2.11,2.16,2.12,0.04,1.8868,43959.07,9484.704
002052.SZ,20220110,2.12,2.14,2.1,2.12,2.12,0.0,0.0,14114.0,2994.315
002052.SZ,20220107,2.16,2.17,2.1,2.12,2.17,-0.05,-2.3041,33895.0,7231.353
002052.SZ,20220106,2.16,2.19,2.14,2.17,2.15,0.02,0.9302,46782.13,10109.095
002052.SZ,20220105,2.17,2.19,2.14,2.15,2.17,-0.02,-0.9217,45756.21,9875.337
002052.SZ,20220104,2.22,2.29,2.17,2.17,2.19,-0.02,-0.9132,72880.0,16272.873
